7.425000e-01  -4.530937e-01  -5.726121e-01  1.346396e-01  3.852836e-02  -2.946140e-02  -2.482066e-02  6.287409e-04  
2.800000e-01  -7.459889e-02  9.955529e-02  -2.508461e-01  1.036468e-01  3.391411e-02  1.696639e-02  -9.646057e-02  
8.962500e-01  8.892597e-01  -1.747040e-02  1.103450e-01  6.489893e-02  -6.069219e-02  -1.777556e-02  -1.457253e-02  
6.637500e-01  2.162034e-01  -6.217435e-02  -6.244634e-01  1.169565e-01  9.293749e-02  -1.214212e-02  -6.995725e-02  
4.862500e-01  3.805723e-01  2.764257e-01  -1.232584e-01  1.592533e-02  -3.260157e-03  -9.509969e-03  1.235104e-02  
6.037500e-01  -2.268418e-01  5.230745e-01  1.986201e-01  6.653180e-02  6.027757e-02  -3.636339e-03  2.792618e-02  
8.950000e-01  -5.312931e-01  -6.325967e-01  -3.443458e-01  5.921949e-02  1.564176e-02  5.700344e-02  -3.590467e-03  
3.862500e-01  3.861814e-01  -1.164343e-03  -7.184183e-03  3.233096e-02  -1.901679e-02  -2.431150e-02  9.623094e-03  
6.500000e-01  4.553074e-01  -9.353027e-02  4.543647e-01  5.071040e-02  -3.899200e-02  2.893477e-02  -1.462693e-02  
5.412500e-01  3.429795e-01  2.923885e-01  -2.997092e-01  8.113143e-02  -6.868591e-02  -2.927077e-02  3.174550e-02  
9.212500e-01  -6.115598e-01  1.370122e-01  6.752213e-01  4.248162e-02  9.470505e-03  5.881715e-03  4.099272e-02  
8.175000e-01  -7.075338e-01  -1.569309e-01  3.782524e-01  5.069798e-02  2.834234e-02  2.758780e-02  -3.171608e-02  
9.687500e-01  -8.563606e-01  -4.516178e-01  3.412395e-02  1.076953e-01  -8.189251e-02  1.151016e-02  6.898852e-02  
2.450000e-01  2.449342e-01  -2.841211e-04  -5.672010e-03  5.887476e-02  -1.598343e-02  5.161286e-03  -5.642808e-02  
8.200000e-01  1.489179e-01  -6.071549e-01  5.306472e-01  1.124558e-01  -6.574780e-02  8.646537e-02  -2.910794e-02  
9.875000e-01  1.677977e-01  3.154080e-01  -9.206074e-01  7.655441e-02  -6.521743e-02  1.925947e-02  -3.516160e-02  
7.650000e-01  4.012334e-01  9.219862e-02  -6.447760e-01  4.132866e-02  1.652902e-02  3.687221e-02  8.676986e-03  
8.537500e-01  -6.243374e-01  5.186517e-01  2.647496e-01  1.262885e-01  -3.212887e-03  -5.482883e-02  1.137201e-01  
6.125000e-01  -5.635129e-01  -2.329989e-01  5.762788e-02  7.308351e-02  -6.617167e-02  1.836054e-03  -3.096998e-02  
8.975000e-01  -3.067551e-01  4.785566e-01  -6.945438e-01  1.012969e-01  -9.377357e-02  1.953510e-02  -3.295384e-02  
6.237500e-01  1.103850e-01  -4.108520e-01  -4.561577e-01  9.528203e-02  1.454747e-02  -6.958280e-02  6.344501e-02  
6.075000e-01  5.989073e-01  -2.877044e-02  9.766569e-02  8.246151e-02  6.417318e-02  4.322974e-02  -2.851129e-02  
8.450000e-01  6.785571e-01  -5.033907e-01  -1.353377e-02  7.102573e-02  6.024883e-03  7.021536e-02  -8.840689e-03  
8.175000e-01  4.763180e-01  -6.320403e-01  2.048230e-01  1.468384e-01  1.113037e-01  -5.373678e-02  -7.928012e-02  
9.375000e-01  9.024007e-01  5.422938e-02  2.482709e-01  1.157660e-01  -3.039228e-03  1.157255e-01  -3.806722e-04  
6.175000e-01  5.224569e-01  8.264069e-02  -3.186150e-01  8.690807e-02  5.922326e-02  6.295038e-02  -9.103192e-03  
3.525000e-01  -3.518066e-01  -2.209372e-02  4.678652e-04  1.186447e-01  -3.797492e-02  -5.806076e-02  9.624660e-02  
8.737500e-01  -5.126128e-02  3.358940e-01  -8.049761e-01  1.046626e-01  3.432276e-02  2.314731e-02  -9.612704e-02  
7.962500e-01  -6.852089e-01  1.772335e-01  3.648164e-01  9.793736e-02  -2.216081e-02  -2.410907e-02  9.230047e-02  
9.875000e-01  -3.490087e-01  5.882890e-01  7.122255e-01  4.321445e-02  2.188500e-02  -3.233718e-02  -1.851600e-02  
8.900000e-01  3.541558e-01  7.387653e-01  -3.477062e-01  8.882371e-02  -5.718512e-02  2.596614e-02  6.281141e-02  
8.537500e-01  6.312963e-01  2.912631e-01  4.954996e-01  6.873500e-02  -3.984214e-02  4.380560e-02  -3.490234e-02  
3.650000e-01  -2.915573e-01  1.431428e-01  -1.665217e-01  3.096234e-02  -2.189397e-02  4.934462e-03  2.133007e-02  
8.262500e-01  -4.190982e-01  -2.006698e-01  -6.832111e-01  7.979612e-02  -2.463653e-02  3.214893e-02  6.875251e-02  
7.850000e-01  7.891433e-02  -7.469305e-01  2.282375e-01  6.071436e-02  -3.978628e-02  1.012813e-02  -4.472925e-02  
9.950000e-01  -9.358651e-01  2.586200e-01  -2.174790e-01  9.728208e-02  -3.341975e-02  -5.413913e-02  -7.359265e-02  
9.712500e-01  7.474682e-02  6.324865e-01  7.332805e-01  1.173645e-01  5.823229e-02  9.574024e-02  3.488883e-02  
9.600000e-01  9.595340e-01  9.261994e-03  2.843792e-02  7.504808e-02  1.384584e-02  -4.742157e-02  -5.649515e-02  
9.912500e-01  4.806152e-01  4.869932e-01  7.172331e-01  1.291774e-01  7.947001e-02  8.482010e-02  -5.636371e-02  
4.100000e-01  2.194896e-01  -1.049502e-01  -3.300148e-01  1.180534e-01  -6.530114e-03  9.447978e-02  7.048073e-02  
9.262500e-01  8.414560e-01  2.773269e-01  2.701492e-01  9.613158e-02  8.071560e-02  -4.705647e-02  -2.262656e-02  
8.900000e-01  6.661912e-01  3.802426e-01  4.513368e-01  1.066410e-01  6.485588e-02  4.502275e-04  8.465118e-02  
4.475000e-01  3.072428e-01  -3.215172e-01  4.984825e-02  9.652157e-02  2.133996e-02  -6.889891e-02  -6.414017e-02  
9.550000e-01  9.527792e-01  3.126297e-02  -5.709074e-02  1.307237e-01  2.758830e-02  -3.565327e-02  1.227046e-01  
4.587500e-01  2.934636e-01  -3.451274e-01  7.223403e-02  9.857369e-02  -8.552365e-02  4.565579e-03  4.880199e-02  
7.875000e-01  -7.220063e-01  -1.786884e-01  2.587152e-01  5.938114e-02  -5.867465e-02  1.624319e-03  -8.987048e-03  
9.800000e-01  -8.854738e-01  -1.004965e-01  -4.077213e-01  5.357151e-02  -1.912541e-02  -1.182537e-02  4.862392e-02  
9.925000e-01  -6.578524e-01  -7.307554e-01  1.352144e-01  5.021798e-02  2.615548e-03  -5.006346e-02  2.941829e-03  
8.087500e-01  -6.253173e-01  4.829536e-01  -1.726575e-01  6.854210e-02  4.724286e-02  4.845629e-02  1.086831e-02  
9.612500e-01  8.885127e-01  -3.525681e-01  -1.012051e-01  5.630533e-02  4.523126e-02  3.167059e-02  -1.101802e-02  
6.200000e-01  5.420039e-01  4.319181e-03  -3.010201e-01  6.764358e-02  3.912033e-02  -3.200678e-02  -4.495354e-02  
8.425000e-01  7.113518e-01  2.675936e-01  3.635636e-01  1.157924e-01  -4.112523e-02  -9.800814e-02  -4.594567e-02  
8.875000e-01  8.564982e-01  2.219238e-01  6.940397e-02  6.187987e-02  -2.224545e-02  -1.934420e-02  -5.440643e-02  
5.700000e-01  2.415681e-01  -5.148388e-01  -3.854683e-02  1.252087e-01  3.737462e-02  1.194903e-01  -1.555963e-03  
4.287500e-01  4.281364e-01  -2.292884e-02  1.624645e-04  5.990191e-02  5.120422e-02  4.762056e-03  3.071953e-02  
3.725000e-01  -3.677108e-01  3.930771e-02  4.472067e-02  1.203401e-01  -4.492469e-02  1.001591e-01  -4.931197e-02  
9.912500e-01  -9.178380e-01  3.085975e-01  2.119376e-01  9.670749e-02  7.475480e-02  4.764685e-02  3.865017e-02  
9.325000e-01  7.885904e-01  4.892957e-01  -9.094568e-02  1.228884e-01  -9.907641e-03  -1.095805e-01  -5.473121e-02  
8.575000e-01  -8.058154e-01  1.006169e-01  2.753979e-01  4.367994e-02  3.549154e-02  -8.011756e-03  -2.416814e-02  
9.887500e-01  1.790483e-01  5.028796e-01  -8.322742e-01  6.575536e-02  6.524920e-02  5.430475e-03  -6.067873e-03  
9.087500e-01  -3.936724e-01  -8.089173e-01  -1.284576e-01  4.817461e-02  2.976692e-02  3.539955e-02  -1.347574e-02  
9.112500e-01  -7.506403e-01  -2.070152e-01  -4.733502e-01  1.168477e-01  9.800409e-02  -4.450566e-03  6.347260e-02  
7.300000e-01  -6.259635e-01  1.095282e-01  3.592676e-01  5.776916e-02  -1.036427e-02  -5.548643e-02  1.229285e-02  
7.750000e-01  2.516168e-02  6.256970e-01  -4.566127e-01  1.022091e-01  -9.859378e-02  -1.371370e-02  2.319286e-02  
4.912500e-01  4.133671e-01  1.340976e-01  2.290677e-01  1.267759e-01  -4.828074e-02  -1.117677e-01  3.534227e-02  
4.162500e-01  -2.832155e-01  -2.995608e-01  -5.758805e-02  2.943800e-02  2.031328e-02  2.100277e-02  -3.584715e-03  
9.037500e-01  2.562306e-01  3.178752e-01  -8.062663e-01  1.057941e-02  9.088581e-03  -5.106356e-03  -1.801873e-03  
7.737500e-01  -7.601391e-01  3.845278e-02  1.392802e-01  8.713501e-02  3.014922e-03  -6.622977e-02  5.654235e-02  
9.775000e-01  -9.588758e-01  1.069974e-01  -1.568920e-01  1.064014e-01  8.251446e-03  1.051734e-01  1.384650e-02  
7.825000e-01  7.607198e-01  7.583787e-02  -1.669139e-01  6.896057e-02  -5.613075e-03  -5.528465e-02  -4.083700e-02  
9.675000e-01  -6.656049e-01  -1.869132e-01  6.768233e-01  9.588278e-02  9.586858e-02  4.901874e-04  1.575653e-03  
8.462500e-01  -4.769622e-01  1.117557e-01  6.900411e-01  1.109984e-01  -1.004397e-01  4.260377e-03  -4.705701e-02  
8.812500e-01  -5.027515e-01  -1.137213e-01  7.147796e-01  8.567258e-02  -5.059536e-03  -8.309791e-02  -2.022201e-02  
8.662500e-01  -8.576988e-01  -1.155909e-01  -3.715557e-02  4.213840e-02  2.469033e-02  3.173837e-02  -1.259794e-02  
8.825000e-01  7.427256e-01  -6.849919e-02  4.716702e-01  7.015937e-02  -1.329616e-02  3.306335e-02  -6.043479e-02  
6.587500e-01  -6.254346e-02  4.519276e-01  4.751856e-01  7.006910e-02  6.362609e-02  2.442533e-02  -1.627275e-02  
9.512500e-01  -1.867369e-01  6.102011e-01  -7.054505e-01  5.920245e-02  1.175316e-02  -5.786645e-02  4.274058e-03  
7.962500e-01  1.320496e-01  6.921046e-01  -3.709019e-01  1.145198e-01  -1.015915e-01  8.829842e-03  5.211500e-02  
5.850000e-01  -3.951559e-01  2.813421e-01  -3.269916e-01  6.459615e-02  -1.296473e-02  5.985532e-02  -2.054067e-02  
6.137500e-01  1.843153e-01  4.758538e-01  -3.409986e-01  1.106767e-01  -5.706004e-02  7.543948e-02  5.746618e-02  
9.950000e-01  6.493987e-01  4.569747e-01  -5.995668e-01  1.060537e-01  -3.153385e-02  1.167879e-02  -1.005814e-01  
9.675000e-01  -7.456201e-01  5.328397e-01  3.101432e-01  9.670766e-02  7.505337e-02  1.767578e-02  -5.836891e-02  
2.525000e-01  -1.649950e-01  -1.909655e-01  -8.067760e-03  7.867721e-02  3.198298e-03  5.638443e-02  -5.477837e-02  
7.925000e-01  -7.900481e-01  -4.624105e-02  -4.173700e-02  4.946296e-02  1.280526e-02  -2.912267e-03  -4.768783e-02  
6.450000e-01  5.678958e-01  -2.831970e-01  -1.154071e-01  1.110359e-01  1.080596e-01  -7.921424e-03  2.427614e-02  
4.350000e-01  -3.653512e-01  -1.655740e-01  1.683115e-01  1.150273e-01  2.124322e-02  1.009124e-01  5.095771e-02  
5.762500e-01  -3.495133e-01  4.058392e-01  2.126006e-01  4.978696e-02  3.879601e-02  4.431930e-03  -3.088639e-02  
8.375000e-01  3.336013e-01  -5.416699e-01  -5.447111e-01  5.508479e-02  -2.432842e-02  -9.499107e-03  4.849979e-02  
5.962500e-01  5.959546e-01  1.646246e-02  -9.008989e-03  1.439443e-01  5.877113e-02  -1.192942e-01  -5.508930e-02  
7.537500e-01  -3.001889e-01  -6.843830e-01  -9.821186e-02  7.266126e-02  8.124874e-03  3.601655e-02  6.258157e-02  
9.687500e-01  8.807771e-01  -1.561870e-01  3.719057e-01  6.091911e-02  -4.072837e-02  -3.677895e-02  2.645083e-02  
9.175000e-01  1.488348e-02  6.362595e-01  6.608772e-01  8.879404e-02  -3.454095e-02  1.869237e-02  -7.963604e-02  
6.512500e-01  5.764266e-01  -3.026367e-01  1.643123e-02  1.279535e-01  3.140374e-02  -1.191471e-01  -3.449441e-02  
8.762500e-01  4.140498e-01  7.587492e-01  -1.437932e-01  8.103223e-02  4.556736e-02  6.692750e-02  -3.247833e-03  
8.675000e-01  8.104170e-01  -6.692235e-02  3.021620e-01  8.393245e-02  5.784492e-02  -5.743228e-02  2.000390e-02  
9.975000e-01  -2.281642e-01  5.584541e-02  -9.694476e-01  1.100008e-01  -7.766838e-02  -7.199627e-02  -2.973792e-02  
9.025000e-01  -6.404909e-01  -2.552081e-01  -5.823629e-01  1.234410e-01  -2.767442e-03  -3.701376e-02  -1.177286e-01  
2.675000e-01  8.885672e-02  2.374779e-01  -8.523484e-02  7.013089e-02  6.422973e-02  -6.752992e-03  -2.733642e-02  
8.462500e-01  2.025592e-01  3.665792e-01  -7.353424e-01  7.787487e-02  4.080131e-02  -5.994891e-02  2.838796e-02  
9.175000e-01  8.077856e-01  -4.307984e-01  -6.083880e-02  3.955582e-02  3.886057e-02  -4.375689e-03  -5.947492e-03  
7.662500e-01  5.306683e-01  -1.397143e-01  5.347991e-01  3.569942e-02  -8.083859e-03  -3.441880e-02  -4.944349e-03  
6.600000e-01  -5.621180e-01  -1.077617e-01  3.286500e-01  8.708419e-02  -4.704232e-02  7.110514e-02  1.774078e-02  
1.000000e+00  -2.950059e-01  6.105125e-01  -7.350143e-01  5.147280e-02  -4.742914e-02  9.547044e-03  1.757213e-02  
8.262500e-01  2.463235e-01  3.110998e-01  -7.247280e-01  1.086971e-01  3.191406e-02  8.957053e-02  5.266560e-02  
9.912500e-01  2.788060e-01  1.072935e-01  -9.451624e-01  1.166465e-01  3.740249e-02  -1.009692e-01  -4.486284e-02  
7.637500e-01  2.646990e-03  7.273878e-01  2.328390e-01  8.592071e-02  3.008122e-02  7.528398e-02  2.845718e-02  
9.062500e-01  -8.358413e-01  -3.480136e-01  -3.930576e-02  8.141577e-02  5.283237e-02  2.476553e-02  -5.677973e-02  
4.837500e-01  -2.274187e-01  3.270970e-01  -2.744127e-01  5.135853e-02  4.562072e-02  -1.344987e-02  -1.937910e-02  
6.175000e-01  -1.795366e-03  -2.469407e-01  5.659711e-01  6.179452e-02  1.968707e-02  2.472231e-02  5.310169e-02  
4.375000e-01  2.638679e-01  3.942834e-02  3.467354e-01  9.167484e-02  2.150109e-02  3.752743e-02  8.083113e-02  
9.125000e-01  1.136388e-01  9.049971e-01  -2.688376e-02  6.164898e-02  1.746945e-02  4.722017e-02  -3.557626e-02  
8.800000e-01  -8.617615e-01  -1.578968e-01  8.267796e-02  9.742841e-02  -4.430110e-02  -2.259804e-02  -8.377970e-02  
1.000000e+00  4.701110e-01  4.439787e-02  -8.814899e-01  1.303983e-01  1.089132e-01  7.485524e-03  7.131345e-02  
7.425000e-01  -5.619811e-01  3.322427e-01  -3.536923e-01  8.636652e-02  -2.240848e-02  6.336327e-02  5.424143e-02  
9.162500e-01  6.811501e-01  2.625925e-01  -5.537091e-01  9.421720e-02  4.885830e-02  8.000082e-02  9.466537e-03  
4.550000e-01  -4.527132e-01  3.828087e-02  2.470512e-02  3.274125e-02  1.391635e-02  -5.125735e-03  2.918992e-02  
8.912500e-01  -7.119897e-01  7.224043e-02  5.312049e-01  5.926533e-02  5.100166e-03  2.187937e-02  5.484215e-02  
7.275000e-01  -7.273697e-01  1.320795e-02  3.889212e-03  1.176749e-01  -7.543322e-02  9.039904e-03  -8.986377e-02  
9.325000e-01  -2.126654e-02  7.068483e-01  6.078400e-01  9.541229e-02  -8.297614e-02  -3.644739e-02  -2.983374e-02  
6.800000e-01  -5.670485e-01  -2.782081e-01  -2.519053e-01  7.256862e-02  -1.326812e-03  6.681613e-02  2.828515e-02  
3.762500e-01  1.931404e-01  -1.358273e-01  2.929365e-01  3.982544e-02  -1.925635e-02  1.102733e-02  -3.307049e-02  
9.150000e-01  3.050766e-01  -6.224911e-03  8.626207e-01  3.407678e-02  -7.821018e-03  -8.212777e-03  -3.213423e-02  
3.462500e-01  -1.439314e-01  8.046214e-02  3.044645e-01  1.007780e-01  3.694143e-02  6.293455e-02  -6.950385e-02  
9.200000e-01  -3.804320e-01  -6.314796e-01  -5.503681e-01  1.409698e-01  2.297113e-02  -1.390101e-01  4.582120e-03  
9.475000e-01  8.703660e-01  3.728103e-01  -3.509549e-02  6.956349e-02  -2.578380e-02  6.420501e-02  7.210542e-03  
9.537500e-01  -5.887268e-01  -9.926484e-02  7.437649e-01  8.246293e-02  4.915964e-02  4.425110e-02  4.924738e-02  
5.637500e-01  -3.780440e-01  -8.719187e-02  4.090164e-01  7.414505e-02  -1.317789e-02  -6.804778e-02  2.633119e-02  
6.725000e-01  5.362551e-01  -3.084785e-01  2.636811e-01  7.159350e-02  3.927494e-02  -5.887519e-02  1.080829e-02  
9.275000e-01  9.836502e-03  1.406381e-01  9.167226e-01  7.769095e-02  7.316418e-02  -2.189611e-02  1.426352e-02  
9.862500e-01  6.706687e-01  -4.087589e-01  -5.964971e-01  5.106342e-02  -2.473722e-02  -3.429814e-02  2.862132e-02  
8.800000e-01  7.341546e-01  -4.634215e-01  -1.437271e-01  4.867757e-02  3.466393e-03  -2.235341e-02  4.310238e-02  
9.950000e-01  -1.368436e-01  -8.469650e-01  -5.039336e-01  1.238844e-01  -4.209816e-02  -3.565226e-02  1.109234e-01  
3.325000e-01  9.467200e-02  2.963957e-01  -1.172309e-01  4.203468e-02  -7.932978e-03  1.824721e-02  -3.702731e-02  
9.100000e-01  -7.297247e-01  3.409708e-01  -4.234864e-01  7.812712e-02  1.398658e-02  -7.248660e-02  2.557178e-02  
7.650000e-01  1.752506e-01  7.287806e-01  1.529412e-01  9.570828e-02  6.924068e-02  8.665598e-03  6.550351e-02  
2.687500e-01  1.690828e-01  1.877882e-01  9.150486e-02  2.095573e-02  1.400324e-02  2.485736e-03  1.539068e-02  
8.825000e-01  -6.376585e-01  -1.158990e-01  5.989702e-01  8.707049e-02  2.525077e-02  -7.906717e-02  -2.630686e-02  
1.612500e-01  1.530462e-01  3.557374e-02  -3.623421e-02  1.069885e-01  1.828147e-02  9.407795e-03  1.049944e-01  
9.987500e-01  5.603936e-01  7.579280e-01  3.301602e-01  1.029324e-01  -6.067355e-02  -4.414566e-02  -7.046249e-02  
5.675000e-01  -5.585643e-01  -9.219134e-02  3.953325e-02  1.261379e-01  1.242718e-01  2.104653e-02  4.931371e-03  
7.575000e-01  6.448250e-01  8.057780e-02  -3.892483e-01  6.106466e-02  1.084429e-02  5.536900e-02  -2.335740e-02  
9.712500e-01  8.483441e-02  -6.796860e-01  -6.885903e-01  1.182541e-01  6.729056e-02  8.705982e-02  -4.331988e-02  
8.775000e-01  8.344882e-01  -2.612133e-01  -7.350750e-02  8.506368e-02  1.860039e-02  -7.752293e-02  2.966563e-02  
7.437500e-01  -6.820192e-01  -2.965612e-01  8.081351e-03  1.336554e-01  -1.229666e-01  -5.198904e-02  -6.334227e-03  
8.587500e-01  4.870249e-01  -4.137361e-02  7.060783e-01  7.769335e-02  -1.162072e-02  5.920472e-02  4.894913e-02  
9.562500e-01  -9.424349e-01  -2.861036e-02  -1.594113e-01  1.119147e-01  -4.832947e-02  -1.902108e-03  1.009234e-01  
7.262500e-01  -3.694842e-01  2.946250e-01  5.514677e-01  1.200797e-01  -9.129539e-02  -7.779991e-02  5.609635e-03  
9.325000e-01  -9.226706e-01  -5.864740e-02  1.216376e-01  7.699174e-02  -1.694341e-02  4.144245e-03  -7.498983e-02  
9.725000e-01  8.950952e-01  -1.059897e-01  -3.651396e-01  6.037896e-02  4.977877e-02  3.208167e-03  3.402058e-02  
2.375000e-01  -7.777115e-02  9.009868e-02  -2.055240e-01  1.334428e-01  -1.660822e-02  1.313018e-01  -1.705788e-02  
9.650000e-01  9.481656e-01  8.609987e-02  1.574606e-01  5.096146e-02  2.068239e-02  2.923553e-03  -4.648400e-02  
8.825000e-01  6.228425e-01  6.584255e-02  -6.217220e-01  7.818879e-02  -2.735819e-03  -6.582808e-03  -7.786315e-02  
9.525000e-01  8.151561e-01  -4.685377e-01  1.524767e-01  7.448416e-02  -2.506358e-02  6.979259e-02  6.978569e-03  
8.700000e-01  -3.901453e-01  -6.087507e-01  4.838483e-01  7.030000e-02  -1.693301e-03  -1.815856e-02  6.789322e-02  
4.962500e-01  3.647334e-01  -3.125797e-01  1.246095e-01  8.091704e-02  1.459524e-03  7.166367e-02  -3.754672e-02  
8.475000e-01  -8.391884e-01  -2.768717e-02  -1.151198e-01  2.042767e-02  -6.704235e-03  1.420187e-02  -1.306330e-02  
9.525000e-01  -1.459287e-02  -9.471363e-01  -9.988038e-02  4.680297e-02  -1.292758e-02  4.392130e-02  -9.711562e-03  
3.175000e-01  -4.297107e-02  -1.349000e-01  -2.841861e-01  9.240526e-02  1.297791e-03  -3.457078e-02  8.568494e-02  
1.275000e-01  -1.239512e-01  -2.153399e-02  2.070372e-02  5.831860e-02  5.024165e-02  -2.753672e-02  1.088871e-02  
9.825000e-01  9.490308e-01  -6.991278e-02  -2.444564e-01  5.275910e-02  4.823183e-02  1.250693e-02  1.734331e-02  
8.987500e-01  3.049065e-01  -8.042441e-01  -2.607203e-01  9.467953e-02  5.373295e-02  3.727289e-02  -6.846688e-02  
8.800000e-01  -5.729071e-03  5.446146e-01  6.912033e-01  1.207852e-01  -1.524619e-02  9.102087e-02  -7.792189e-02  
8.737500e-01  -8.505177e-02  -7.641304e-01  4.151024e-01  1.991606e-02  -1.552937e-02  -1.246948e-02  -1.684595e-05  
7.337500e-01  -7.083021e-01  5.543393e-02  -1.833693e-01  5.110597e-02  4.594503e-02  2.149383e-02  -6.236120e-03  
6.325000e-01  -5.172459e-01  1.183779e-01  3.442378e-01  4.053893e-02  -2.380172e-03  -2.692909e-02  3.020868e-02  
7.312500e-01  -7.311026e-01  1.076000e-02  9.991351e-03  3.871320e-02  3.467327e-04  1.152345e-02  -3.695675e-02  
8.962500e-01  -7.763498e-01  -4.041071e-01  -1.929833e-01  1.008269e-01  -5.749553e-02  7.358045e-02  3.802962e-02  
9.250000e-01  -6.161128e-01  -3.783270e-01  5.769737e-01  7.711449e-02  6.079902e-02  -6.107938e-03  4.704058e-02  
5.287500e-01  -2.449816e-01  4.579651e-01  9.913905e-02  1.059776e-01  1.035215e-01  -9.425618e-03  2.063288e-02  
9.487500e-01  7.729648e-01  5.387512e-01  -1.113513e-01  5.383648e-02  -2.055645e-02  -2.459863e-02  4.325166e-02  
8.587500e-01  8.865856e-02  -4.173041e-01  -7.452842e-01  1.011987e-01  1.339041e-02  -7.372258e-02  6.802103e-02  
5.662500e-01  -3.953106e-01  2.267432e-01  -3.360894e-01  8.419931e-02  -1.853420e-03  -5.189907e-02  -6.627650e-02  
5.812500e-01  3.281786e-01  3.097818e-01  -3.663136e-01  7.035826e-02  3.776681e-02  -4.940338e-02  -3.291289e-02  
8.350000e-01  -6.227695e-01  4.967857e-01  2.501742e-01  6.790316e-02  -3.242067e-02  -1.108793e-02  -5.862420e-02  
6.325000e-01  -5.386417e-01  3.791246e-02  -3.293692e-01  8.102466e-02  -7.788557e-02  -2.044979e-02  -8.979937e-03  
9.900000e-01  -8.425850e-02  -9.855743e-01  4.054282e-02  1.002419e-01  -5.284169e-02  3.636788e-02  -7.702968e-02  
9.487500e-01  -6.846955e-01  3.927692e-02  -6.555730e-01  1.001491e-01  -9.290849e-02  3.004554e-02  2.225124e-02  
8.775000e-01  -3.000398e-01  -4.032887e-01  7.192639e-01  1.204657e-01  -7.036462e-02  9.688550e-02  1.319102e-02  
5.362500e-01  -5.270609e-01  8.934452e-02  4.228985e-02  5.141328e-02  1.727572e-02  -4.718857e-02  1.086803e-02  
2.437500e-01  1.340404e-01  -1.925305e-01  6.617586e-02  1.018022e-01  -5.369176e-02  -4.549980e-02  7.355718e-02  
9.537500e-01  -6.546457e-01  6.395579e-01  2.684099e-01  1.054904e-01  -5.461859e-02  -6.001987e-02  -6.739922e-02  
8.287500e-01  3.211049e-01  4.056991e-01  -6.473997e-01  1.225461e-01  9.603896e-02  -9.549110e-03  -7.551743e-02  
7.950000e-01  7.870423e-01  8.924088e-02  6.801054e-02  6.584934e-02  -5.590012e-02  -3.479318e-02  -8.642215e-04  
6.050000e-01  -5.435383e-01  -1.187433e-01  2.376786e-01  5.426407e-02  2.867964e-02  3.232188e-02  -3.282322e-02  
9.050000e-01  -8.702442e-01  1.895268e-01  -1.605606e-01  6.698930e-02  5.118581e-02  -1.829412e-02  3.915233e-02  
8.775000e-01  -1.171930e-01  8.651980e-01  -8.777511e-02  1.020759e-01  5.063526e-02  8.511298e-02  -2.472526e-02  
9.137500e-01  -7.990507e-01  1.699651e-01  -4.093518e-01  1.232555e-01  1.145293e-01  1.761322e-02  4.200888e-02  
7.562500e-01  1.457180e-01  -1.443724e-01  -7.278990e-01  8.487654e-02  -1.981395e-02  -6.549527e-02  -5.021757e-02  
8.875000e-01  4.014660e-01  -7.326615e-01  -2.994801e-01  6.530502e-02  4.953092e-03  5.909947e-02  2.733982e-02  
8.587500e-01  7.223562e-01  4.088183e-01  -2.202741e-01  8.114425e-02  5.194867e-02  -5.486547e-02  -2.958894e-02  
6.475000e-01  5.124505e-01  -1.222361e-01  -3.764426e-01  5.613197e-02  -4.741137e-02  2.444827e-02  1.747118e-02  
7.762500e-01  -3.630316e-01  4.706632e-01  -4.992478e-01  2.532139e-02  -1.735459e-02  -1.668186e-02  7.855351e-03  
9.425000e-01  -9.324064e-01  -7.915353e-02  -1.125136e-01  5.966677e-02  -2.415670e-02  3.922971e-02  -3.791579e-02  
5.700000e-01  -3.843388e-01  4.138830e-01  -7.671061e-02  4.196493e-02  1.911827e-02  9.250036e-03  3.619369e-02  
5.925000e-01  -5.087758e-01  -1.575510e-01  -2.595787e-01  6.074310e-02  4.055796e-02  7.660842e-03  -4.456554e-02  
7.062500e-01  6.763591e-01  7.278478e-02  1.898152e-01  1.082092e-01  2.920182e-02  -3.424042e-02  9.840770e-02  
6.737500e-01  -5.711169e-01  1.756843e-01  3.112870e-01  5.659433e-02  -2.434519e-02  -1.428265e-02  -4.905340e-02  
4.037500e-01  -4.087330e-03  -3.268002e-01  -2.370632e-01  7.568829e-02  -3.489559e-02  -5.756515e-02  -3.460156e-02  
9.425000e-01  -1.408936e-01  8.829669e-01  -2.980349e-01  7.219547e-02  -1.866576e-02  6.972541e-02  1.463598e-03  
8.187500e-01  8.125535e-01  -4.955715e-02  8.747827e-02  1.202531e-01  8.888003e-02  -5.289784e-02  -6.134305e-02  
7.425000e-01  1.442904e-01  -3.426253e-01  6.427242e-01  6.211929e-02  4.468993e-02  -4.289713e-02  4.631675e-03  
3.487500e-01  -3.103951e-01  -5.146751e-02  1.504413e-01  8.601785e-02  -3.863236e-02  -4.086801e-02  6.508776e-02  
8.525000e-01  -5.809644e-01  -4.885915e-01  -3.879625e-01  5.423091e-02  -2.973269e-02  -4.514828e-02  4.311808e-03  
8.625000e-01  6.236929e-01  1.575743e-01  -5.745291e-01  1.024441e-01  9.020049e-03  -9.023610e-02  -4.765380e-02  
7.337500e-01  -7.282475e-01  3.346359e-02  -8.321552e-02  2.427225e-02  -1.051345e-02  1.945489e-02  1.000583e-02  
9.150000e-01  7.417167e-01  5.357426e-01  7.818789e-03  3.715967e-02  1.723543e-02  -2.490646e-02  -2.152786e-02  
9.825000e-01  3.267546e-01  3.219551e-01  8.688398e-01  1.101699e-01  -2.693029e-02  1.067288e-01  4.596478e-03  
8.587500e-01  -6.136626e-02  -2.123566e-01  8.298135e-01  9.032480e-02  -7.873298e-02  -1.359783e-03  4.424747e-02  
6.412500e-01  6.274135e-01  1.301121e-01  2.499359e-02  1.127135e-01  1.095822e-01  -1.067650e-02  -2.412645e-02  
4.725000e-01  4.694083e-01  -5.297188e-02  1.030001e-02  9.314867e-02  -1.671791e-02  6.393383e-02  6.564794e-02  
2.750000e-01  -2.514157e-01  -2.645511e-02  1.082371e-01  5.064491e-02  -4.412883e-02  -6.987726e-03  2.384796e-02  
2.225000e-01  -1.882354e-01  -6.576672e-02  -9.873417e-02  4.056762e-02  2.715679e-02  -2.929093e-02  7.090979e-03  
8.000000e-01  -6.756957e-01  -1.730591e-01  3.917727e-01  5.816711e-02  -2.894764e-02  4.939847e-02  -1.025858e-02  
7.287500e-01  -7.179658e-01  -1.046638e-01  6.816955e-02  8.847863e-02  4.232482e-02  -9.140604e-03  7.715910e-02  
6.350000e-01  -2.814581e-01  4.703637e-01  3.205688e-01  2.041883e-02  -8.331698e-03  1.549539e-04  1.864101e-02  
4.925000e-01  2.566451e-01  -3.870571e-01  1.639401e-01  1.012557e-01  5.870993e-02  -7.173292e-02  -4.074615e-02  
5.462500e-01  2.046504e-02  -1.864231e-01  5.130465e-01  4.416331e-02  -2.976490e-02  2.185844e-02  -2.422102e-02  
8.737500e-01  -4.592743e-01  4.113585e-01  -6.191045e-01  6.367644e-02  -3.983715e-02  -4.897095e-02  -8.338811e-03  
9.350000e-01  -9.330193e-01  6.061523e-02  5.081609e-03  7.896365e-02  -1.082061e-02  -4.206349e-02  -6.594569e-02  
3.575000e-01  -2.228713e-02  2.822610e-01  2.182620e-01  9.871714e-02  7.751380e-02  -6.021967e-02  1.050120e-02  
2.975000e-01  7.689656e-02  5.984045e-02  -2.810912e-01  8.795715e-02  3.056139e-02  -4.943487e-02  -6.602012e-02  
9.375000e-01  8.535593e-01  -2.021310e-01  -3.308864e-01  7.495994e-02  5.736427e-02  1.273694e-02  4.654141e-02  
6.875000e-01  6.590469e-01  -1.452840e-01  -1.311718e-01  6.730638e-02  4.065406e-02  4.125274e-02  -3.428713e-02  
7.875000e-01  2.048866e-01  -6.872358e-01  -3.253992e-01  8.002320e-02  2.878747e-02  -8.593182e-05  7.466583e-02  
6.550000e-01  3.661219e-01  -5.391814e-01  6.529321e-02  8.008516e-02  1.228361e-02  4.093265e-02  6.772934e-02  
6.650000e-01  -6.290822e-01  2.090865e-01  5.256840e-02  8.751993e-02  -5.749502e-02  -6.594315e-02  2.358645e-03  
8.562500e-01  -8.196020e-01  -1.849234e-02  -2.471329e-01  4.098520e-02  3.648588e-02  1.861403e-02  -1.443900e-03  
8.812500e-01  4.484149e-02  -8.789511e-01  4.512015e-02  4.396936e-02  3.503924e-02  3.731027e-03  -2.629897e-02  
6.575000e-01  4.372752e-01  4.598384e-01  1.721782e-01  1.120027e-01  -5.091092e-02  -1.002188e-02  -9.925850e-02  
7.925000e-01  2.859615e-01  7.248137e-01  -1.446628e-01  1.278123e-01  9.082614e-02  -3.780405e-02  -8.159316e-02  
6.675000e-01  4.259903e-01  -2.165418e-01  -4.660452e-01  8.930506e-02  8.838766e-02  4.383091e-03  -1.199186e-02  
6.525000e-01  -2.976510e-01  -2.888829e-01  -5.036932e-01  8.577178e-02  -4.147192e-02  -7.355314e-02  -1.506036e-02  
5.800000e-01  1.150091e-01  3.563803e-01  -4.429063e-01  1.417001e-01  6.455146e-02  7.543741e-02  -1.011000e-01  
7.100000e-01  5.905174e-01  -2.094050e-01  3.339742e-01  8.879486e-02  4.954531e-02  4.812353e-02  5.580247e-02  
9.925000e-01  -2.977630e-01  1.255679e-01  -9.384168e-01  9.669475e-02  -3.777382e-02  7.107258e-02  -5.358826e-02  
5.675000e-01  -5.479986e-01  -1.433740e-01  -3.460723e-02  1.166016e-01  2.639121e-02  -8.750448e-02  7.240439e-02  
8.412500e-01  4.227679e-01  -6.077872e-01  3.994541e-01  1.284233e-01  -7.267031e-02  4.393154e-02  9.634094e-02  
9.962500e-01  8.204682e-01  5.373470e-01  -1.749407e-01  1.106574e-01  4.244853e-02  4.210514e-02  -9.311468e-02  
6.950000e-01  3.186042e-01  -2.965573e-01  5.418211e-01  7.042297e-02  3.185002e-02  6.268650e-02  -3.920938e-03  
9.750000e-01  1.478091e-01  1.408000e-01  9.533902e-01  4.183628e-02  6.854416e-03  -4.101684e-02  4.572775e-03  
1.650000e-01  1.524057e-01  3.887330e-02  -4.986351e-02  1.017534e-01  -4.940765e-04  -2.373911e-03  -1.017245e-01  
8.200000e-01  -1.269504e-01  7.296036e-01  3.520827e-01  9.586861e-02  6.800861e-02  6.504497e-02  1.829673e-02  
9.462500e-01  -3.776033e-03  4.885618e-01  8.103593e-01  1.135848e-01  2.565017e-02  -6.404123e-02  -9.023465e-02  
6.025000e-01  -5.349820e-01  9.118675e-02  2.616974e-01  6.832546e-02  -1.237768e-02  -6.116085e-02  -2.783005e-02  
9.100000e-01  -8.665510e-01  -1.825095e-01  2.094745e-01  5.300486e-02  -1.376328e-02  -1.191672e-02  -4.978031e-02  
9.700000e-01  -7.870972e-01  -5.643343e-01  -5.389644e-02  1.022184e-01  -4.913538e-02  -4.906315e-03  8.950002e-02  
6.850000e-01  -6.784718e-01  -8.232155e-02  4.608907e-02  7.409772e-02  2.184333e-03  6.415583e-02  -3.700986e-02  
8.875000e-01  -7.583401e-01  4.093430e-01  -2.121670e-01  2.214308e-02  -1.390036e-02  2.851110e-03  -1.699904e-02  
8.962500e-01  -8.271662e-01  -3.445273e-01  -1.900328e-02  7.911943e-02  2.308438e-02  4.699703e-02  -5.931505e-02  
3.537500e-01  2.351778e-01  1.843905e-01  1.892897e-01  2.155143e-02  -5.440093e-03  1.942722e-02  7.579765e-03  
8.575000e-01  -7.053359e-01  -3.314820e-01  3.576691e-01  8.089075e-02  5.220863e-02  -4.151794e-02  4.575841e-02  
6.875000e-01  -5.854621e-01  -2.225062e-01  2.835160e-01  5.598721e-02  -4.887628e-03  -4.157153e-02  -3.718181e-02  
9.837500e-01  2.316900e-01  -4.821113e-01  -8.256225e-01  5.151303e-02  4.963671e-03  1.158318e-02  -4.994782e-02  
8.662500e-01  8.605789e-01  -1.539284e-02  -9.775564e-02  8.736085e-02  6.198780e-02  4.952484e-02  3.656121e-02  
7.825000e-01  -5.643875e-01  -1.819549e-01  5.105541e-01  1.037946e-01  -1.756348e-02  -1.571565e-03  -1.022857e-01  
9.512500e-01  4.169083e-01  -1.738682e-01  8.371582e-01  1.125633e-01  -4.486439e-03  8.982306e-02  6.769193e-02  
5.050000e-01  -1.952427e-01  2.284667e-01  4.058426e-01  1.136315e-01  1.091534e-01  1.468040e-02  2.796679e-02  
9.325000e-01  -7.913782e-01  -4.767456e-01  1.264532e-01  1.107245e-01  6.469167e-02  7.690593e-02  -4.647995e-02  
5.875000e-01  5.762449e-01  -1.135575e-01  -1.424115e-02  4.372029e-02  -7.886505e-03  -3.109514e-02  -2.970452e-02  
4.675000e-01  4.029519e-01  -2.364806e-01  -1.621542e-02  1.140608e-01  -1.794620e-02  2.994150e-02  -1.085878e-01  
9.112500e-01  -8.623110e-01  1.402559e-01  -2.590841e-01  1.148467e-01  -7.562009e-02  6.894505e-02  5.213384e-02  
9.762500e-01  -6.628355e-01  -5.618330e-01  -4.450357e-01  7.448017e-02  -6.266810e-02  -4.024302e-02  7.095590e-04  
9.375000e-01  6.016523e-01  2.921837e-01  -6.569242e-01  1.177473e-01  -4.151379e-02  5.893072e-02  9.310316e-02  
5.900000e-01  2.029517e-01  -5.088134e-01  2.191337e-01  9.946861e-02  9.649013e-02  1.100821e-02  -2.150534e-02  
6.737500e-01  5.026615e-01  -1.666203e-01  -4.165431e-01  7.852182e-02  5.486906e-02  -5.616653e-02  -6.186802e-04  
7.187500e-01  5.677930e-01  -1.152592e-01  -4.253563e-01  1.050455e-01  -3.937510e-02  -7.692265e-02  5.972483e-02  
6.112500e-01  5.988504e-01  1.198231e-01  2.544088e-02  1.073306e-01  8.669640e-02  3.877287e-02  -5.000249e-02  
5.112500e-01  4.400607e-01  5.179525e-02  2.550301e-01  7.388535e-02  -3.316876e-02  6.490598e-02  1.208685e-02  
7.125000e-01  4.008846e-01  -1.758293e-01  -5.621671e-01  6.684715e-02  -3.725378e-02  7.610916e-04  5.549882e-02  
6.212500e-01  -5.116584e-01  -1.339801e-01  -3.258935e-01  9.207782e-02  -3.743818e-02  -1.683679e-02  -8.242105e-02  
3.625000e-01  1.515796e-01  1.190974e-01  3.069946e-01  4.133907e-02  -1.368874e-02  -1.086886e-02  -3.746205e-02  
6.050000e-01  6.049575e-01  -7.154661e-03  -4.516295e-04  5.552287e-02  4.597773e-02  -2.993659e-02  -8.522771e-03  
6.750000e-01  -3.011037e-01  4.767424e-01  -3.710501e-01  1.016339e-01  -2.365075e-02  -5.534375e-02  8.189731e-02  
8.912500e-01  -5.884419e-01  2.712475e-02  -6.688251e-01  1.115976e-01  6.288089e-02  -8.280506e-02  -4.053827e-02  
5.300000e-01  5.278402e-01  -4.772016e-02  2.740823e-03  8.116634e-02  7.287310e-02  3.212733e-02  -1.566270e-02  
6.450000e-01  -3.703737e-01  -2.790930e-01  4.482805e-01  1.279074e-01  -5.880691e-02  -1.961542e-02  1.118807e-01  
6.950000e-01  1.095945e-01  2.432308e-01  -6.417576e-01  1.398762e-01  -1.336239e-01  -4.124283e-02  -3.008612e-03  
9.000000e-01  1.691793e-01  -8.216781e-01  -3.259195e-01  1.189101e-01  -5.858127e-02  -9.370963e-02  -4.389014e-02  
9.625000e-01  -3.022383e-01  6.128300e-01  6.778626e-01  8.820980e-02  5.268567e-02  7.035139e-02  7.474631e-03  
8.175000e-01  -5.265658e-01  -3.139529e-01  5.408034e-01  8.840726e-02  3.410900e-02  -8.134372e-02  5.968208e-03  
6.012500e-01  -4.244098e-01  -2.182542e-01  -3.657089e-01  8.700197e-02  -1.664004e-02  5.814874e-02  -6.253939e-02  
9.837500e-01  -8.903812e-01  6.062527e-02  4.138960e-01  1.082409e-01  -7.002277e-03  -3.022313e-02  -1.036997e-01  
4.575000e-01  -3.074734e-01  -3.101527e-01  -1.362778e-01  1.072246e-01  9.074615e-02  2.430436e-02  -5.168712e-02  
3.562500e-01  -3.141292e-01  1.351690e-01  9.983104e-02  1.232534e-01  -1.083559e-01  -4.484353e-02  -3.794023e-02  
9.425000e-01  -4.554348e-01  -2.571490e-01  7.840662e-01  6.970247e-02  -5.350660e-02  4.029679e-02  1.927814e-02  
6.212500e-01  -6.145876e-01  8.917418e-02  -1.678214e-02  6.062037e-02  -5.123701e-02  3.228762e-02  -2.665984e-03  
8.275000e-01  7.057974e-02  1.105673e-01  -8.170371e-01  6.784695e-02  -4.061238e-02  -1.033786e-02  5.335703e-02  
6.100000e-01  -5.178865e-01  1.960289e-01  -2.558638e-01  9.981472e-02  -9.294644e-02  -2.156668e-02  2.930556e-02  
7.225000e-01  -2.884669e-01  6.620707e-01  -2.134020e-02  6.708558e-02  -1.539078e-02  5.719102e-02  3.150851e-02  
6.575000e-01  -5.267574e-01  1.293602e-01  3.716165e-01  1.279407e-01  -1.203210e-01  -4.218326e-02  1.059446e-02  
9.087500e-01  8.998596e-01  -7.120651e-02  -1.049232e-01  7.783769e-02  -5.480764e-02  2.828578e-02  4.748414e-02  
3.400000e-01  -4.043345e-02  1.896690e-01  -2.792684e-01  9.109662e-02  -7.278012e-02  -8.858013e-03  5.406647e-02  
7.300000e-01  1.634737e-01  2.810683e-01  -6.535877e-01  8.066392e-02  -1.496680e-03  -2.384385e-02  7.704478e-02  
5.575000e-01  -5.159468e-01  -1.202583e-01  -1.736178e-01  6.836674e-02  2.401361e-02  6.361134e-02  7.138265e-03  
9.075000e-01  2.550776e-01  -8.305226e-01  -2.621524e-01  5.323308e-02  4.111749e-02  3.327729e-02  5.977876e-03  
9.937500e-01  -9.819333e-01  8.887159e-02  -1.242898e-01  7.695773e-02  2.844432e-02  5.969815e-02  3.936424e-02  
7.850000e-01  4.465310e-01  -3.527241e-01  -5.407594e-01  3.553546e-02  1.540992e-02  -2.536901e-02  1.953758e-02  
8.900000e-01  6.714082e-01  -4.185305e-01  4.076068e-01  4.023512e-02  -1.063834e-02  3.485240e-02  1.705874e-02  
9.537500e-01  -9.457499e-01  4.166351e-02  1.160190e-01  5.822663e-02  -9.089055e-03  5.731602e-02  4.754239e-03  
8.037500e-01  4.867691e-01  -4.193733e-01  -4.829036e-01  1.138019e-01  -5.066939e-02  3.113345e-02  9.702682e-02  
9.962500e-01  -3.289047e-01  6.798515e-01  6.497213e-01  9.657058e-02  -5.227510e-02  5.589329e-02  5.889934e-02  
9.350000e-01  9.251144e-01  -1.050934e-01  8.569529e-02  1.231482e-01  1.196470e-01  2.868093e-02  -5.242210e-03  
4.375000e-01  -4.262125e-01  -1.082984e-02  9.814202e-02  1.008761e-01  9.201718e-03  -3.719565e-03  1.003867e-01  
8.037500e-01  -7.738462e-01  -2.170551e-01  7.952001e-03  6.714810e-02  5.486794e-03  5.669945e-02  3.555186e-02  
9.412500e-01  -4.427180e-01  4.774521e-01  6.796998e-01  8.123684e-02  -6.381751e-02  3.870525e-02  -3.207263e-02  
9.475000e-01  9.473415e-01  -1.203987e-02  -1.246497e-02  1.262077e-01  8.590485e-02  -9.194653e-02  -9.724971e-03  
4.900000e-01  2.133932e-01  -1.867549e-02  -4.406978e-01  5.596424e-02  8.951845e-03  -5.510306e-02  -3.938771e-03  
7.062500e-01  -5.591767e-01  -1.361400e-01  -4.093609e-01  1.272525e-01  -1.995786e-02  -9.566014e-02  8.151081e-02  
8.037500e-01  -8.029925e-01  2.579818e-02  2.348672e-02  5.034816e-02  -2.578196e-02  4.208102e-02  9.970726e-03  
6.637500e-01  6.268691e-01  2.100890e-01  5.883687e-02  1.173917e-01  6.056986e-02  4.600036e-02  8.942077e-02  
9.150000e-01  5.082644e-01  -7.550316e-01  -9.391246e-02  3.061412e-02  -2.521917e-02  1.494261e-02  -8.828164e-03  
6.687500e-01  5.795949e-02  2.407814e-01  6.212017e-01  8.503225e-02  -3.709427e-02  -1.532530e-02  -7.496422e-02  
8.075000e-01  7.142446e-01  3.536778e-01  1.297030e-01  6.279448e-02  -3.185282e-02  3.879394e-02  -3.773028e-02  
9.887500e-01  -8.666183e-01  -4.706076e-01  -7.160857e-02  8.284682e-02  4.041945e-02  7.208772e-02  5.763942e-03  
4.150000e-01  4.141447e-01  -8.833294e-03  2.512213e-02  8.500771e-02  1.500482e-02  -7.870922e-02  2.839059e-02  
9.112500e-01  8.836134e-01  -1.001078e-01  -1.989530e-01  7.953213e-02  -7.202400e-02  -2.930891e-02  1.670003e-02  
8.450000e-01  2.611518e-01  5.383194e-02  8.018272e-01  5.955747e-02  4.817329e-02  -3.476355e-02  -4.233466e-03  
4.225000e-01  -4.215805e-01  -1.590244e-02  2.287403e-02  1.261880e-01  8.671506e-02  -8.565998e-02  -3.265398e-02  
2.150000e-01  6.909679e-02  2.014549e-02  2.025951e-01  6.449657e-02  1.060811e-02  4.260896e-02  4.724142e-02  
7.150000e-01  -5.526305e-03  -1.433360e-01  -7.004636e-01  8.533968e-02  8.918327e-03  3.921781e-02  -7.526811e-02  
9.237500e-01  9.012457e-01  -1.268192e-02  2.022607e-01  6.161235e-02  9.524822e-03  1.354965e-02  -5.934447e-02  
7.800000e-01  1.893742e-01  -3.676104e-01  6.613622e-01  1.267575e-01  -1.115588e-01  -4.194804e-02  4.315621e-02  
8.262500e-01  -2.031023e-01  -7.962347e-01  8.630661e-02  9.102249e-02  8.455033e-02  3.021652e-02  -1.494310e-02  
6.750000e-01  5.940673e-01  -9.989150e-02  3.045173e-01  7.074444e-02  -1.994472e-02  -5.684778e-02  -3.708521e-02  
9.625000e-01  5.626397e-02  7.374382e-01  6.159752e-01  6.831428e-02  -2.871975e-02  6.015079e-02  1.496327e-02  
8.237500e-01  8.152241e-01  8.432963e-02  -8.283832e-02  9.448495e-02  -5.766144e-02  -5.446399e-02  -5.134430e-02  
6.337500e-01  -1.722793e-01  -2.887328e-01  5.372079e-01  1.061997e-01  -4.712387e-02  6.338976e-02  7.098911e-02  
8.737500e-01  1.527645e-01  8.595975e-01  -3.455737e-02  1.275060e-01  -4.803848e-03  -1.246977e-01  2.617580e-02  
7.925000e-01  -7.677754e-01  1.235126e-01  -1.527148e-01  6.870637e-02  1.360858e-02  -6.086474e-02  2.882456e-02  
9.850000e-01  -3.697759e-01  -8.501772e-01  -3.327005e-01  5.494216e-02  1.651544e-02  1.159990e-02  5.110111e-02  
9.187500e-01  9.175768e-01  -4.097626e-02  -2.180201e-02  7.344459e-02  3.056381e-02  1.211285e-02  6.567526e-02  
7.162500e-01  -1.950969e-01  -6.701641e-01  -1.607211e-01  6.244912e-02  -6.157083e-02  -9.749092e-03  -3.725686e-03  
5.875000e-01  1.877130e-01  -4.504599e-01  3.271177e-01  5.403772e-02  2.600630e-02  -3.586008e-02  3.094837e-02  
8.975000e-01  -6.966471e-01  4.966585e-01  -2.711446e-01  1.029398e-01  2.326664e-02  6.362003e-02  -7.750979e-02  
8.537500e-01  -3.461282e-01  -7.625605e-01  -1.660897e-01  6.757203e-02  3.236084e-02  2.231199e-02  5.496300e-02  
4.575000e-01  -4.345651e-01  2.556004e-02  1.407343e-01  2.935338e-02  2.544726e-04  -2.432919e-02  -1.642092e-02  
9.750000e-01  9.557404e-01  -7.703664e-02  1.767783e-01  7.013355e-02  5.612294e-02  -4.186363e-02  -4.045705e-03  
9.750000e-01  5.616466e-01  5.819733e-01  5.445045e-01  9.371828e-02  -5.184699e-02  -4.465119e-02  6.404122e-02  
8.712500e-01  1.831228e-01  8.332952e-01  -1.765268e-01  1.077751e-01  -2.157010e-02  -7.937999e-02  -6.963498e-02  
8.425000e-01  5.257772e-01  5.847180e-01  3.024392e-01  6.105461e-02  3.854825e-02  -4.661890e-02  8.268991e-03  
7.462500e-01  4.957284e-01  -5.573367e-01  -2.276422e-02  9.919468e-02  -8.534578e-02  4.945891e-02  -1.046410e-02  
9.125000e-01  8.724412e-01  2.481699e-01  9.957061e-02  9.670488e-02  4.919379e-03  5.689321e-02  -7.804355e-02  
8.075000e-01  -7.842058e-01  1.590541e-01  1.085323e-01  8.174521e-02  4.472921e-02  -6.598712e-02  1.809081e-02  
4.987500e-01  -1.485959e-01  -5.012012e-02  -4.734541e-01  5.157870e-02  5.472965e-03  -2.442946e-02  -4.509557e-02  
3.600000e-01  -3.582845e-01  -3.163634e-02  -1.521059e-02  8.068337e-02  -3.900746e-03  -7.932789e-02  1.420128e-02  
6.825000e-01  -6.068882e-01  3.055617e-01  6.422637e-02  7.151059e-02  -6.159298e-02  -3.594455e-02  5.297121e-03  
9.862500e-01  9.528309e-01  9.622140e-02  -2.356772e-01  6.699383e-02  -4.026196e-02  -3.333599e-02  -4.190297e-02  
5.237500e-01  4.706763e-01  -8.872999e-03  -2.295630e-01  4.165915e-02  -5.356286e-03  -1.022964e-02  -4.002686e-02  
4.075000e-01  -3.858058e-01  -4.645373e-02  1.226873e-01  1.092732e-01  -1.477811e-02  1.082431e-01  2.385415e-03  
9.012500e-01  6.033380e-01  3.199991e-01  5.880777e-01  7.968817e-02  2.429233e-02  -7.558063e-02  6.903360e-03  
4.175000e-01  4.136829e-01  5.559046e-02  9.078073e-03  1.098355e-01  4.277636e-03  1.026526e-01  3.883272e-02  
8.537500e-01  7.093641e-01  4.207224e-01  2.206452e-01  1.093254e-01  1.379238e-02  9.788105e-02  -4.670244e-02  
6.250000e-01  5.763914e-01  -2.405944e-01  -2.263398e-02  7.248327e-02  -2.423608e-02  -2.004838e-02  -6.530314e-02  
6.462500e-01  1.836793e-01  -6.116804e-01  9.873215e-02  8.362111e-02  6.187994e-02  -2.106753e-02  -5.214903e-02  
8.200000e-01  -1.347875e-02  -3.110235e-01  -7.586058e-01  6.291037e-02  4.002600e-02  -1.246732e-02  -4.690628e-02  
7.300000e-01  5.678069e-01  -2.315181e-02  4.582132e-01  6.046065e-02  -5.561300e-02  -1.394200e-02  -1.919129e-02  
5.700000e-01  3.679208e-01  2.718537e-01  -3.400439e-01  7.755656e-02  -1.883522e-02  -5.849242e-02  4.731693e-02  
9.975000e-01  -9.912159e-01  6.579399e-02  -9.037953e-02  1.013795e-01  2.941962e-02  9.252056e-02  2.919303e-02  
7.950000e-01  6.787852e-01  -3.364901e-01  2.409358e-01  6.784445e-02  -5.241275e-02  -9.818798e-03  4.194477e-02  
9.587500e-01  -5.285230e-01  -5.844567e-01  5.461460e-01  9.705447e-02  -5.150360e-02  7.487188e-02  3.407567e-02  
9.037500e-01  8.102203e-01  2.796180e-01  -2.865673e-01  9.091679e-02  -4.919213e-02  -6.042207e-02  4.685265e-02  
8.700000e-01  -8.611620e-01  1.107809e-01  5.502363e-02  1.080930e-01  -3.370413e-02  -2.331563e-02  -1.000225e-01  
7.937500e-01  -7.791589e-01  -1.040141e-01  1.101433e-01  1.203591e-01  3.860945e-02  1.138131e-01  -6.496312e-03  
2.812500e-01  -5.339694e-02  2.760360e-01  7.377950e-03  5.420779e-02  -2.895972e-02  -4.526678e-02  7.123003e-03  
4.562500e-01  2.998564e-01  -3.391563e-01  -5.677334e-02  8.350746e-02  -2.952688e-02  3.353762e-02  -7.054706e-02  
8.175000e-01  7.668567e-01  -3.377782e-02  -2.812403e-01  7.985945e-02  -5.965520e-02  5.268750e-02  -6.543347e-03  
6.612500e-01  -1.646551e-01  3.513961e-01  -5.354074e-01  1.211443e-01  6.689105e-02  -1.001943e-01  1.275262e-02  
9.012500e-01  -8.005293e-01  -3.920448e-01  -1.330609e-01  3.972691e-02  2.516011e-02  -2.923380e-02  -9.517426e-03  
9.662500e-01  -9.323983e-01  2.510384e-01  -3.538547e-02  7.419852e-02  4.193208e-02  -3.570094e-03  6.110953e-02  
9.637500e-01  5.655388e-01  4.393886e-01  6.449167e-01  1.049682e-01  9.814247e-02  3.084667e-02  -2.085317e-02  
9.087500e-01  -7.343412e-01  5.120685e-01  -1.560623e-01  9.464498e-02  6.687838e-02  -5.237597e-02  4.173383e-02  
2.212500e-01  -1.827725e-01  1.606177e-02  -1.236439e-01  4.214436e-02  -3.850282e-02  -3.375170e-04  1.713375e-02  
3.512500e-01  3.692144e-02  -2.698632e-01  2.217819e-01  9.468532e-02  -2.842813e-02  2.243237e-02  -8.748680e-02  
6.200000e-01  5.862730e-01  -1.695166e-01  1.093074e-01  9.293734e-02  5.329686e-02  6.083917e-02  -4.577542e-02  
5.050000e-01  -2.103278e-01  -4.336893e-01  1.506678e-01  8.731653e-02  -6.480947e-02  -3.486026e-02  -4.699651e-02  
8.587500e-01  8.063066e-01  2.387977e-01  -1.740598e-01  5.130551e-02  -1.827463e-02  5.953416e-04  4.793682e-02  
7.862500e-01  1.096490e-02  -2.461251e-01  7.466534e-01  1.206268e-01  -6.445783e-02  -6.826130e-02  7.573915e-02  
7.462500e-01  6.304184e-01  -3.988026e-01  2.044965e-02  5.691962e-02  4.611728e-02  -7.285635e-03  -3.255702e-02  
4.187500e-01  7.372875e-02  -1.761166e-02  -4.118318e-01  2.584081e-02  2.582318e-03  1.559430e-02  2.044253e-02  
8.362500e-01  4.360023e-01  4.827189e-01  -5.255459e-01  3.442945e-02  -2.794212e-02  -1.966018e-02  -4.254726e-03  
6.612500e-01  5.886892e-01  -5.463459e-02  2.961615e-01  7.894727e-02  2.283106e-02  6.648904e-02  -3.592522e-02  
7.850000e-01  -5.355804e-01  -3.365624e-02  -5.729275e-01  6.121478e-02  -4.265215e-02  -3.365863e-02  2.819822e-02  
8.400000e-01  8.019033e-01  -1.458881e-01  -2.031446e-01  7.479838e-02  -2.962083e-02  -6.794154e-02  -1.006731e-02  
9.950000e-01  -9.759192e-01  1.336441e-01  1.405203e-01  6.499989e-02  -1.601744e-02  -7.281976e-03  6.257316e-02  
9.150000e-01  -5.138854e-02  -9.132831e-01  2.231878e-02  4.163949e-02  3.178959e-02  2.563550e-02  8.129599e-03  
5.125000e-01  8.320781e-02  -4.662920e-01  -1.957153e-01  7.048768e-02  -3.188435e-02  4.688450e-03  -6.268907e-02  
7.000000e-01  6.531412e-01  -1.470494e-01  -2.044091e-01  1.349374e-01  1.235331e-02  8.116658e-02  -1.070863e-01  
5.850000e-01  3.393839e-01  3.721421e-01  -2.975800e-01  6.006763e-02  4.119577e-02  -3.900617e-03  4.354094e-02  
9.387500e-01  -7.290405e-01  5.822084e-01  -1.038500e-01  7.891352e-02  5.961625e-02  5.127881e-02  6.612806e-03  
9.912500e-01  -8.925681e-01  1.793438e-01  -3.920899e-01  7.293838e-02  -9.986477e-03  -1.944290e-03  7.222533e-02  
9.687500e-01  7.650089e-01  -5.801133e-01  1.292539e-01  5.146173e-02  -4.021648e-02  1.980539e-02  2.527233e-02  
7.650000e-01  6.872459e-01  1.679555e-01  -2.910482e-01  1.061407e-01  7.515872e-02  -4.442902e-02  6.035784e-02  
8.937500e-01  -4.118861e-01  -7.431018e-01  2.773783e-01  8.721545e-02  -2.988727e-02  7.203678e-02  3.903829e-02  
6.862500e-01  3.342128e-01  -4.970409e-01  -3.349495e-01  9.341819e-02  4.957962e-02  7.750505e-02  1.617978e-02  
8.162500e-01  -7.526517e-01  3.819394e-02  3.135614e-01  1.174271e-01  7.618026e-02  8.481939e-02  -2.813102e-02  
7.500000e-01  6.595689e-01  3.043885e-01  -1.865918e-01  9.686676e-02  1.877015e-03  3.991228e-02  8.824203e-02  
8.462500e-01  -5.729064e-01  6.055007e-01  1.458978e-01  1.122899e-01  -7.646358e-02  7.266224e-02  3.850365e-02  
8.187500e-01  4.102683e-01  -2.751692e-01  -6.529268e-01  1.086769e-01  8.442603e-02  4.000545e-02  -5.552004e-02  
6.712500e-01  5.746236e-01  3.687464e-02  3.449993e-01  1.101767e-01  6.402750e-02  -4.459693e-02  7.778502e-02  
7.775000e-01  3.594873e-01  6.129474e-01  -3.155481e-01  7.869954e-02  -3.649779e-02  5.871928e-02  -3.759754e-02  
7.162500e-01  6.701348e-01  2.095487e-01  -1.415019e-01  1.221452e-01  -3.478310e-02  7.210917e-03  1.168657e-01  
8.937500e-01  2.146540e-01  -2.688376e-01  -8.248873e-01  5.936315e-02  -1.246455e-02  5.624601e-02  -1.431800e-02  
9.987500e-01  -9.581858e-01  1.431094e-01  2.426958e-01  7.142452e-02  3.917571e-02  8.916474e-04  -5.971541e-02  
2.212500e-01  -2.160363e-01  4.370554e-02  1.922763e-02  4.724399e-02  -2.899343e-02  -3.196622e-02  -1.922332e-02  
6.762500e-01  -6.751860e-01  -3.786940e-02  1.966109e-03  1.009180e-01  -8.315660e-02  5.696888e-02  4.895562e-03  
8.950000e-01  7.130690e-01  4.393937e-01  3.154216e-01  8.578331e-02  -4.229162e-02  -3.834700e-03  -7.453516e-02  
7.337500e-01  2.786475e-01  2.940275e-01  -6.117945e-01  9.418778e-02  8.875048e-02  2.775758e-02  1.497356e-02  
9.837500e-01  6.288838e-01  4.789658e-01  5.855434e-01  6.085575e-02  3.916335e-02  4.349214e-02  1.667595e-02  
9.900000e-01  -1.942735e-01  3.570718e-01  9.026946e-01  8.394294e-02  -8.299738e-02  8.236964e-03  -9.487090e-03  
7.775000e-01  -6.916080e-01  -2.548502e-01  -2.474590e-01  5.837948e-02  2.575793e-02  5.238953e-02  -1.721575e-04  
9.862500e-01  -5.420184e-01  -3.503478e-01  -7.457624e-01  1.100248e-01  3.550264e-02  8.649393e-02  5.799838e-02  
9.775000e-01  -6.402514e-01  -6.942806e-01  2.521088e-01  8.759573e-02  -8.570968e-02  1.127320e-02  -1.413430e-02  
8.550000e-01  -8.206589e-01  7.719733e-02  2.271222e-01  9.150732e-02  -5.361819e-02  2.681352e-02  -6.913547e-02  
4.112500e-01  9.105047e-02  -3.691545e-01  1.567206e-01  9.718752e-02  8.916387e-02  -2.022275e-02  -3.295843e-02  
7.262500e-01  -2.214284e-01  -6.230305e-01  -3.004022e-01  1.085703e-01  -6.699828e-02  -3.094117e-03  -8.537666e-02  
9.950000e-01  5.077768e-01  -8.451215e-01  1.340050e-01  7.611583e-02  -4.801562e-02  5.393932e-02  -2.405554e-02  
3.437500e-01  3.326761e-01  -8.216467e-02  2.719632e-02  1.327099e-01  -5.249260e-02  3.125236e-03  -1.218469e-01  
9.975000e-01  -4.391339e-02  -7.171086e-01  6.919777e-01  1.139124e-01  -9.223242e-02  6.595585e-02  -1.091074e-02  
9.412500e-01  8.207839e-01  1.978619e-01  4.160722e-01  7.207668e-02  4.420880e-02  -5.663703e-02  -5.733865e-03  
9.462500e-01  1.587582e-01  9.310489e-01  -5.773153e-02  9.236608e-02  2.729611e-02  -6.550934e-02  -5.911804e-02  
8.862500e-01  -8.378031e-01  -9.168944e-02  -2.740768e-01  5.648926e-02  4.138088e-02  -2.821925e-02  2.612150e-02  
3.312500e-01  -1.077883e-01  -2.605599e-01  -1.738298e-01  5.887747e-02  2.351095e-02  3.210252e-02  -4.339608e-02  
8.362500e-01  7.893356e-01  2.500750e-01  1.171572e-01  8.833738e-02  -7.368129e-02  -2.977214e-02  3.857693e-02  
8.500000e-01  -3.514908e-01  7.682405e-01  9.359866e-02  3.310144e-02  -1.130113e-03  1.015386e-02  -3.148536e-02  
8.550000e-01  -6.836759e-01  4.589623e-01  2.301430e-01  3.497937e-02  1.371125e-02  -3.185050e-02  4.593899e-03  
8.162500e-01  3.685725e-01  6.524485e-01  3.236191e-01  9.219356e-02  7.579114e-02  -1.127835e-02  -5.126553e-02  
9.837500e-01  -8.226972e-01  -2.302492e-01  4.877691e-01  3.611424e-02  2.560509e-03  2.674699e-02  -2.413050e-02  
9.612500e-01  -7.679426e-01  -4.677765e-02  -5.762617e-01  1.189679e-01  -5.623330e-02  5.056478e-02  -9.183888e-02  
5.387500e-01  3.586139e-01  2.827304e-01  2.858517e-01  9.596495e-02  1.235261e-02  -9.504777e-02  -4.754693e-03  
8.487500e-01  6.514473e-02  -3.950326e-02  -8.453237e-01  9.930518e-02  -8.643749e-02  -3.655291e-02  -3.246482e-02  
9.837500e-01  -9.832259e-01  -3.704899e-03  3.189238e-02  9.605006e-02  -8.207917e-02  -4.269512e-02  2.580213e-02  
4.200000e-01  8.305233e-02  -4.070870e-01  -6.150176e-02  3.168303e-02  2.759977e-02  -1.062966e-02  -1.136121e-02  
6.187500e-01  -3.401752e-01  -5.157873e-01  -3.310381e-02  8.499186e-02  9.788366e-03  7.068796e-02  -4.616293e-02  
6.175000e-01  5.279364e-01  -6.739576e-02  -3.131249e-01  8.358587e-02  -5.317593e-02  -6.122157e-02  2.026910e-02  
7.575000e-01  4.093163e-01  -6.372419e-01  -1.375337e-02  6.357136e-02  -4.483456e-02  2.866418e-02  -3.477851e-02  
2.487500e-01  -2.196460e-01  6.296305e-02  -9.832526e-02  5.065975e-02  1.958751e-02  -4.264728e-02  -1.907746e-02  
9.025000e-01  8.769579e-01  -1.170013e-01  -1.782186e-01  9.940637e-02  1.365593e-02  -7.563106e-02  -6.304826e-02  
8.050000e-01  -6.905526e-01  -3.710685e-01  1.829488e-01  8.077829e-02  -4.343000e-02  5.463107e-02  4.067449e-02  
8.025000e-01  5.887837e-01  -4.223601e-01  -3.448942e-01  1.110140e-01  1.698363e-03  -9.995549e-02  4.827137e-02  
9.162500e-01  -4.000370e-01  -7.580282e-01  3.238484e-01  7.866271e-02  -1.622269e-02  3.523705e-02  -6.843242e-02  
9.862500e-01  -9.179313e-01  3.545635e-01  6.615064e-02  1.126949e-01  6.073636e-02  -7.756154e-03  -9.461017e-02  
4.800000e-01  4.475365e-01  1.724828e-01  1.899336e-02  7.182630e-02  -6.839847e-02  1.741466e-02  -1.331905e-02  
9.150000e-01  8.436414e-01  -3.181482e-01  1.558072e-01  6.766114e-02  2.128526e-03  -4.921489e-02  -4.638313e-02  
8.200000e-01  1.124584e-01  -3.629066e-01  7.266718e-01  8.220309e-02  5.397356e-02  5.987899e-02  1.608444e-02  
9.925000e-01  9.891781e-01  -6.408290e-02  -4.976328e-02  3.499221e-02  8.604023e-04  -3.415643e-02  7.553292e-03  
5.737500e-01  -2.822217e-01  4.792061e-01  -1.410728e-01  1.015905e-01  -5.885888e-02  9.603691e-03  8.224373e-02  
7.600000e-01  -7.642915e-02  5.292196e-02  -7.542929e-01  7.686568e-02  -4.294711e-02  4.364343e-02  -4.646643e-02  
7.562500e-01  7.220916e-01  -1.028435e-01  1.998023e-01  8.539008e-02  8.268320e-02  -9.343465e-03  1.917430e-02  
6.250000e-01  6.125706e-01  -1.157435e-02  -1.234839e-01  7.041658e-02  7.949904e-04  -3.185097e-02  -6.279632e-02  
8.350000e-01  -7.999753e-01  -2.335597e-01  5.210031e-02  1.062720e-01  -1.057830e-01  6.948883e-03  -7.443662e-03  
7.537500e-01  -5.013671e-01  -3.114683e-01  4.687831e-01  7.970635e-02  -9.622546e-03  2.714724e-02  -7.432050e-02  
9.187500e-01  -7.350174e-01  4.655936e-01  -2.950823e-01  3.273725e-02  2.788907e-02  9.443022e-03  -1.430932e-02  
8.587500e-01  7.867202e-01  3.409642e-01  -4.760580e-02  5.202087e-02  1.354629e-02  4.609523e-02  1.994739e-02  
2.550000e-01  7.415600e-02  1.872342e-01  1.564264e-01  5.492762e-02  -2.350044e-02  4.277778e-02  2.519591e-02  
4.275000e-01  -4.191471e-01  -5.324311e-03  8.392624e-02  1.101050e-01  -5.385224e-02  5.705929e-03  -9.586704e-02  
5.687500e-01  -1.161302e-01  5.435984e-01  -1.203793e-01  8.931030e-02  -3.003280e-02  3.080408e-02  7.826538e-02  
8.162500e-01  1.048390e-01  8.093030e-01  -1.736301e-02  6.606196e-02  -6.342135e-02  9.733567e-03  -1.572172e-02  
8.375000e-01  8.142483e-01  -9.197750e-02  1.730496e-01  5.838453e-02  -3.822933e-02  3.964572e-02  1.937753e-02  
5.212500e-01  3.196959e-01  -3.971618e-01  -1.084371e-01  6.828583e-02  3.395380e-02  2.130411e-02  5.528317e-02  
7.875000e-01  7.357727e-01  2.434838e-01  1.396799e-01  4.723893e-02  -1.453119e-02  3.800987e-02  2.399189e-02  
5.362500e-01  -5.323039e-01  -4.685274e-02  -4.496043e-02  5.582538e-02  -3.596875e-02  -4.225949e-02  -6.071092e-03  
8.062500e-01  -2.206991e-01  5.159747e-01  5.788792e-01  1.219277e-01  7.580348e-02  -7.708907e-02  -5.636915e-02  
6.575000e-01  -6.232688e-01  6.893973e-02  1.977108e-01  9.269418e-02  -5.804129e-02  6.852642e-02  2.296841e-02  
9.750000e-01  -1.999478e-01  -5.483132e-01  7.810240e-01  1.149368e-01  3.926626e-02  3.980919e-02  -1.004185e-01  
7.675000e-01  -4.235110e-01  6.019986e-01  2.174683e-01  8.598001e-02  -4.527541e-02  3.668561e-02  -6.322077e-02  
7.775000e-01  -6.104744e-01  -4.148914e-01  -2.443203e-01  7.824717e-02  -4.260484e-02  -3.646688e-02  5.456751e-02  
8.650000e-01  1.579336e-01  -7.168365e-01  4.576324e-01  7.695971e-02  4.725932e-02  -3.541941e-02  -4.934389e-02  
9.375000e-01  4.113850e-01  5.750049e-01  6.156607e-01  7.241536e-02  6.755383e-02  2.176450e-02  -1.437956e-02  
4.687500e-01  4.165647e-01  -1.749279e-01  1.249025e-01  1.078104e-01  -6.913841e-02  -4.536122e-02  6.917600e-02  
8.850000e-01  6.317131e-01  -3.850723e-01  4.856778e-01  9.271311e-02  5.608791e-02  1.109582e-02  -7.298459e-02  
8.500000e-01  -7.963848e-01  2.639398e-01  -1.364077e-01  1.136489e-01  -4.300194e-03  -6.441097e-02  9.353512e-02  
4.475000e-01  -3.882899e-01  1.774366e-01  1.341769e-01  8.643420e-02  -2.473067e-02  -6.914056e-02  -4.559438e-02  
9.837500e-01  -8.764308e-01  -3.681671e-01  2.531522e-01  9.886852e-02  -1.850548e-02  7.774528e-02  5.820826e-02  
5.387500e-01  3.695159e-01  -2.075823e-01  3.325946e-01  1.083054e-01  -7.970836e-02  -6.393932e-02  -3.589433e-02  
9.750000e-01  -9.725196e-01  6.267325e-02  -3.004514e-02  9.320973e-02  -7.999687e-02  3.517805e-02  -3.242004e-02  
6.775000e-01  1.141639e-01  -1.733456e-01  -6.449218e-01  8.838147e-02  4.999858e-02  6.470936e-02  -3.352799e-02  
8.237500e-01  -6.367316e-01  -2.121657e-01  -4.776218e-01  1.112483e-01  2.250989e-02  -2.948753e-02  -1.048808e-01  
8.500000e-01  -8.439350e-01  -4.145319e-02  9.249542e-02  9.799250e-02  8.643164e-02  3.171401e-02  -3.356073e-02  
6.100000e-01  -5.839960e-01  1.131854e-01  1.350473e-01  6.387846e-02  4.244419e-02  -4.023425e-02  2.569346e-02  
9.350000e-01  -9.330566e-01  4.306902e-02  -4.213499e-02  9.619679e-02  -8.305145e-02  -3.992947e-02  2.760281e-02  
7.300000e-01  6.452005e-01  -3.244093e-01  -1.066534e-01  1.626610e-02  -1.495106e-02  7.390658e-04  6.364403e-03  
3.887500e-01  -2.233578e-01  2.355818e-01  2.138670e-01  4.004332e-02  -1.254905e-02  -3.611115e-02  1.191529e-02  
9.500000e-01  1.832212e-01  -8.253752e-01  -4.332272e-01  5.064643e-02  6.264253e-03  -4.281845e-02  2.631350e-02  
8.412500e-01  -7.566384e-01  -1.685616e-01  3.267826e-01  4.901440e-02  4.038748e-02  -8.852995e-03  -2.632277e-02  
6.312500e-01  5.932891e-01  -2.146371e-01  2.038350e-02  9.465517e-02  -4.739314e-02  7.350461e-02  3.620171e-02  
8.737500e-01  -4.482586e-01  -5.771349e-01  4.789766e-01  9.609623e-02  -6.046877e-03  5.292608e-02  -7.997969e-02  
7.737500e-01  -3.496379e-01  5.134049e-01  4.613651e-01  1.005543e-01  8.690712e-02  3.233343e-02  3.889550e-02  
7.975000e-01  -5.636377e-01  -1.676434e-01  5.387156e-01  3.993770e-02  -6.702783e-03  3.936683e-02  5.875838e-04  
5.887500e-01  -2.106255e-01  3.636290e-02  5.485811e-01  5.030241e-02  -1.982862e-02  4.209509e-02  1.910920e-02  
2.700000e-01  2.666985e-01  1.796994e-02  -3.806527e-02  9.811090e-02  2.854081e-02  5.163342e-02  -7.839108e-02  
9.625000e-01  -6.931498e-01  -2.546125e-01  6.173509e-01  7.738307e-02  5.034367e-02  5.854342e-02  -5.130590e-03  
7.025000e-01  4.279186e-01  -2.855912e-01  4.783613e-01  3.866112e-02  -4.979203e-03  3.817647e-02  -3.527966e-03  
7.225000e-01  -7.025083e-01  -3.141718e-02  1.658353e-01  6.375104e-02  -1.600860e-04  -6.209760e-02  1.442422e-02  
8.337500e-01  3.423954e-01  7.276737e-01  -2.199896e-01  9.100600e-02  6.745908e-02  5.309313e-02  3.020736e-02  
4.100000e-01  -8.061906e-02  -2.478822e-01  -3.164727e-01  4.219316e-02  2.583089e-02  -2.399155e-02  2.318262e-02  
7.900000e-01  -3.254086e-02  -7.789451e-01  -1.276154e-01  9.457707e-02  -8.848712e-02  3.338874e-02  2.081393e-04  
6.850000e-01  -6.802995e-01  -4.346537e-02  6.729258e-02  1.273181e-01  -5.395616e-02  9.426833e-02  6.642383e-02  
9.850000e-01  5.399541e-01  -8.223771e-01  4.868833e-02  7.971188e-02  2.550449e-02  7.484970e-02  1.005125e-02  
7.100000e-01  7.014839e-01  6.979282e-02  8.455359e-02  9.137600e-02  2.044035e-02  -6.415000e-02  -6.177818e-02  
5.475000e-01  -4.583753e-01  1.243702e-02  2.991550e-01  1.071570e-01  -2.742412e-02  -8.694744e-02  5.630873e-02  
6.925000e-01  2.556750e-01  5.288246e-01  3.667848e-01  1.223597e-01  9.315829e-02  7.875213e-02  -9.567324e-03  
8.287500e-01  -8.251320e-01  -2.965613e-02  7.144412e-02  7.352259e-02  -6.151698e-02  -1.489598e-02  -3.740777e-02  
5.912500e-01  1.177472e-01  -4.395597e-01  3.774910e-01  6.807759e-02  2.362841e-03  5.683252e-02  3.740374e-02  
7.500000e-01  3.679906e-01  1.365559e-01  -6.390895e-01  3.021014e-02  1.990371e-02  3.990050e-03  -2.237352e-02  
8.837500e-01  8.836603e-01  4.638725e-03  1.170697e-02  7.236881e-02  1.576312e-02  6.405777e-02  2.975519e-02  
8.725000e-01  8.677959e-01  -5.898822e-02  6.860734e-02  6.255807e-02  -1.766878e-02  4.412726e-02  4.067077e-02  
6.662500e-01  2.315691e-02  -6.562446e-01  -1.126759e-01  1.018161e-01  -2.763993e-02  1.245748e-02  9.719760e-02  
6.025000e-01  -5.998967e-01  -4.462197e-04  -5.594667e-02  1.080150e-01  7.926669e-02  -2.004421e-02  7.058519e-02  
9.837500e-01  -6.218772e-01  1.813779e-01  7.403613e-01  9.348482e-02  -8.739856e-02  -2.805959e-02  -1.770771e-02  
9.262500e-01  3.319854e-01  -7.360970e-01  -4.537465e-01  1.080954e-01  6.028790e-02  8.958874e-02  -4.882805e-03  
9.175000e-01  -3.158318e-01  6.451079e-01  -5.708698e-01  5.899724e-02  -4.491132e-02  -2.417874e-02  -2.964855e-02  
9.700000e-01  9.300782e-01  3.544356e-02  -2.731270e-01  1.119536e-01  1.261015e-04  -3.172181e-02  1.073653e-01  
8.687500e-01  -8.375993e-01  -1.667559e-01  1.592059e-01  1.141426e-01  3.399541e-02  -9.231324e-02  5.788885e-02  
7.437500e-01  7.402494e-01  2.469702e-02  6.771179e-02  8.238157e-02  4.080169e-02  -6.319988e-02  3.358154e-02  
9.325000e-01  -4.917036e-01  4.569514e-01  -6.472861e-01  6.011535e-02  -5.667226e-02  -1.908987e-02  6.139009e-03  
7.262500e-01  -2.001668e-01  -6.897768e-01  -1.076117e-01  9.249936e-02  8.750432e-02  -2.306443e-02  -1.916136e-02  
7.850000e-01  -4.391490e-01  4.657794e-01  -4.543377e-01  4.898357e-02  -8.926766e-03  9.327206e-03  4.725152e-02  
7.462500e-01  3.493594e-01  -6.567931e-01  5.882062e-02  1.121236e-01  8.312978e-02  6.576491e-02  3.655302e-02  
7.087500e-01  -6.974884e-01  2.232492e-02  1.238469e-01  8.015990e-02  -7.721216e-02  2.116759e-02  -3.978111e-03  
8.812500e-01  4.618454e-01  4.412120e-01  -6.071510e-01  7.085901e-02  -3.617474e-02  -5.471068e-02  -2.681658e-02  
5.325000e-01  -2.229964e-01  3.551248e-01  3.281999e-01  2.020342e-02  1.877218e-02  2.687546e-03  -6.968548e-03  
8.287500e-01  5.936284e-01  5.662520e-01  1.174334e-01  8.486219e-02  6.618693e-02  -5.030070e-02  1.705057e-02  
9.075000e-01  -4.683385e-01  -7.655015e-01  -1.349919e-01  3.286767e-02  -3.947957e-03  -7.781196e-03  -3.168834e-02  
8.950000e-01  5.139701e-01  7.016298e-01  -2.111288e-01  9.309523e-02  -7.820775e-02  4.249702e-02  2.728137e-02  
9.750000e-01  -5.596709e-01  6.207747e-01  5.020281e-01  9.302723e-02  -6.431138e-02  -2.964063e-02  -6.032864e-02  
7.450000e-01  1.692971e-01  -6.767069e-01  2.615937e-01  6.554822e-02  5.661287e-02  3.172928e-02  -9.208970e-03  
6.137500e-01  5.903499e-01  1.595206e-01  -5.224250e-02  8.650196e-02  5.193369e-02  -6.508239e-02  -2.344704e-02  
5.662500e-01  -2.765777e-01  -1.953804e-01  -4.538395e-01  6.941918e-02  -6.897754e-02  6.304520e-03  4.623191e-03  
8.825000e-01  5.870587e-01  6.486496e-01  -1.158532e-01  8.469347e-02  -4.279773e-02  -6.884121e-02  2.454029e-02  
7.900000e-01  -7.541429e-01  -1.718009e-01  -1.607885e-01  7.941668e-02  7.773579e-03  2.290925e-02  -7.564223e-02  
6.325000e-01  -6.221576e-01  -1.121386e-01  -2.002846e-02  8.028177e-02  1.532202e-02  5.071900e-02  -6.031568e-02  
9.062500e-01  -2.671875e-01  -6.212681e-01  6.032627e-01  4.029300e-02  -2.137952e-02  3.335033e-02  7.361889e-03  
7.362500e-01  4.526525e-01  1.490959e-01  -5.611953e-01  1.006761e-01  -2.771037e-02  8.954882e-02  3.672644e-02  
4.787500e-01  3.898432e-01  -8.764765e-02  2.637077e-01  1.262939e-01  -1.200330e-01  -1.212368e-02  -3.735301e-02  
9.912500e-01  9.291078e-01  1.712105e-01  3.000370e-01  7.552506e-02  -4.887464e-02  -5.377280e-02  -2.058616e-02  
7.987500e-01  7.701539e-01  -1.763810e-01  1.172785e-01  8.538231e-02  -4.131841e-02  -2.213729e-02  -7.136433e-02  
7.900000e-01  4.499021e-01  9.569520e-02  -6.422854e-01  8.450957e-02  -5.895556e-02  -5.271233e-02  -2.979124e-02  
5.850000e-01  -5.797218e-01  -5.487870e-02  5.599943e-02  9.922901e-02  6.534942e-02  -7.465840e-02  1.404724e-03  
9.837500e-01  -7.404943e-01  -2.577482e-01  5.941364e-01  5.621464e-02  -2.809770e-03  -1.063401e-02  5.512811e-02  
8.162500e-01  -7.870004e-01  1.826858e-01  -1.162768e-01  1.283131e-01  4.773681e-02  -1.125836e-01  3.886356e-02  
9.250000e-01  -6.527637e-01  6.259882e-01  1.940705e-01  5.534408e-02  -4.364089e-02  9.505687e-03  -3.268152e-02  
8.987500e-01  -4.252155e-01  -1.539917e-01  7.766787e-01  9.911853e-02  -5.700825e-03  -9.738506e-02  -1.755374e-02  
9.550000e-01  7.931011e-01  1.036809e-01  5.217910e-01  1.304779e-01  -1.198374e-01  -6.502603e-03  5.119764e-02  
8.425000e-01  4.757203e-01  -6.351190e-01  2.830553e-01  5.867846e-02  5.016138e-02  -2.796727e-02  -1.203450e-02  
5.575000e-01  5.564035e-01  -3.406502e-02  7.809047e-03  1.220021e-01  -7.602629e-02  -9.145250e-02  -2.722034e-02  
9.650000e-01  -2.596458e-01  -4.483347e-02  9.283313e-01  5.584189e-02  -3.416126e-02  3.615432e-03  -4.402560e-02  
9.625000e-01  -7.065063e-01  1.596967e-01  6.338392e-01  8.015479e-02  -5.868984e-02  -5.378242e-02  9.367152e-03  
9.325000e-01  3.789124e-01  5.022762e-01  -6.882589e-01  6.150678e-02  -3.188893e-02  1.701922e-02  -4.976470e-02  
6.862500e-01  -6.128076e-01  -3.026116e-01  6.190462e-02  1.216515e-01  1.475126e-02  -1.127794e-01  -4.315421e-02  
3.175000e-01  3.138566e-01  -4.123168e-02  -2.449914e-02  8.339015e-02  5.294798e-02  4.863259e-02  4.225280e-02  
7.300000e-01  5.411788e-01  4.755753e-01  -1.177014e-01  9.251467e-02  1.456853e-02  3.324506e-03  -9.129988e-02  
7.512500e-01  -8.287756e-02  -5.068228e-01  5.483051e-01  5.099317e-02  -4.016237e-02  -2.970729e-02  1.023543e-02  
3.512500e-01  3.347909e-01  -8.109050e-02  6.867254e-02  6.025494e-02  -4.455425e-02  3.453894e-02  -2.127529e-02  
2.362500e-01  -1.386319e-01  1.753069e-01  7.656858e-02  5.080491e-02  4.602951e-02  -1.488589e-02  1.551879e-02  
8.462500e-01  -4.668832e-01  6.551595e-01  2.625360e-01  4.600300e-02  2.085456e-02  -1.445441e-02  -3.837230e-02  
7.125000e-01  2.972876e-01  -6.038073e-01  -2.338655e-01  9.605247e-02  1.444855e-03  -7.869951e-02  -5.504885e-02  
9.450000e-01  -8.257503e-01  1.755015e-01  4.246890e-01  8.057800e-02  -2.044836e-02  5.677790e-02  -5.339428e-02  
7.575000e-01  -7.417020e-01  -1.199701e-01  -9.639305e-02  2.491780e-02  4.671354e-03  2.288839e-02  8.671628e-03  
3.737500e-01  -1.720316e-01  -2.887867e-01  1.633903e-01  9.448645e-02  8.542599e-02  4.035881e-02  -1.120655e-03  
4.175000e-01  4.170598e-01  -7.659111e-03  1.756955e-02  1.190264e-01  -2.392504e-02  6.351828e-02  -9.777677e-02  
3.237500e-01  -3.236727e-01  -6.248576e-04  7.046105e-03  1.225040e-01  -8.933870e-02  3.627495e-02  7.556423e-02  
7.575000e-01  6.041959e-01  -4.216677e-01  -1.759260e-01  5.786799e-02  -1.694278e-02  -5.468199e-02  -8.457362e-03  
6.262500e-01  -3.652960e-01  5.080363e-01  -2.543660e-02  2.774449e-02  -2.583148e-02  -9.888595e-03  2.169575e-03  
7.075000e-01  -1.909606e-01  -1.107237e-01  -6.721834e-01  7.204783e-02  -4.744873e-02  5.046001e-02  -1.983168e-02  
8.175000e-01  -3.441151e-01  2.574248e-01  6.954305e-01  4.490840e-02  1.643929e-02  -4.171314e-02  2.554953e-03  
8.775000e-01  -4.923413e-01  6.838424e-02  7.231389e-01  5.514768e-02  1.929264e-02  5.161627e-02  2.195659e-03  
9.625000e-01  6.305534e-02  7.934119e-01  5.412280e-01  1.368025e-01  -8.642372e-03  1.028740e-01  -8.976172e-02  
8.825000e-01  -3.859307e-01  -1.005705e-01  7.872416e-01  1.029740e-01  5.004719e-02  2.005918e-02  8.772994e-02  
8.737500e-01  -1.684260e-01  5.828481e-01  6.287764e-01  8.002014e-02  -4.554841e-02  -2.283515e-02  6.170187e-02  
8.700000e-01  8.688036e-01  -4.470619e-02  9.033085e-03  1.038525e-01  4.769561e-02  1.790622e-02  -9.049776e-02  
8.462500e-01  1.829682e-01  -6.183103e-01  -5.480457e-01  1.361057e-01  8.125953e-02  -5.174990e-02  9.614360e-02  
5.437500e-01  5.296244e-01  -1.182919e-01  3.419141e-02  2.304962e-02  6.883065e-04  -1.497472e-02  1.750912e-02  
5.287500e-01  4.381108e-01  -3.455648e-03  2.960127e-01  4.511365e-02  4.500115e-02  -1.225850e-03  2.938491e-03  
9.212500e-01  9.109981e-01  -1.274199e-01  5.047952e-02  1.169743e-01  -5.606563e-02  -5.958384e-02  8.360257e-02  
7.725000e-01  5.546430e-01  1.294099e-01  -5.219008e-01  9.871936e-02  9.345861e-02  -3.178786e-02  7.291787e-04  
4.800000e-01  1.719264e-01  -1.216443e-01  -4.313281e-01  7.284248e-02  -3.014024e-02  -5.416880e-02  3.825355e-02  
9.850000e-01  -7.938584e-01  3.725196e-01  4.486010e-01  9.467551e-02  2.498900e-02  4.641024e-02  7.864536e-02  
8.775000e-01  -5.168664e-01  -2.552074e-01  6.616075e-01  8.447783e-02  5.361076e-03  6.915031e-02  4.822860e-02  
8.825000e-01  8.729435e-01  1.153781e-02  -1.290071e-01  8.160610e-02  -5.169145e-02  5.193978e-02  -3.591390e-02  
4.237500e-01  -4.028014e-01  -1.205368e-01  -5.278219e-02  1.012587e-01  1.929037e-02  -8.884305e-02  4.458832e-02  
4.550000e-01  3.783309e-01  2.331984e-01  -9.751544e-02  2.788949e-02  -5.726566e-03  6.311276e-03  2.655556e-02  
5.575000e-01  -1.009773e-01  -4.364298e-01  -3.318718e-01  5.835813e-02  -6.060073e-04  5.835314e-02  4.638416e-04  
9.975000e-01  9.861797e-01  -1.149959e-01  9.608272e-02  7.234904e-02  5.453766e-02  1.722346e-02  -4.431004e-02  
3.287500e-01  -9.220004e-02  1.727438e-01  2.640744e-01  9.033995e-02  2.711414e-02  7.637321e-02  3.991570e-02  
4.912500e-01  -2.862260e-01  3.316573e-01  -2.222716e-01  1.071997e-01  9.509622e-02  -2.539568e-02  4.246805e-02  
7.250000e-01  -5.202983e-01  -5.035362e-01  3.695971e-02  2.578529e-02  2.004213e-02  1.065241e-02  1.223602e-02  
8.275000e-01  -6.645490e-01  -4.859304e-01  -8.368091e-02  8.575350e-02  6.674877e-03  -6.964028e-02  -4.959175e-02  
7.675000e-01  6.781961e-01  -3.590140e-01  -1.466985e-02  1.268952e-01  3.345641e-02  -1.216821e-01  1.328654e-02  
8.987500e-01  -4.716377e-01  7.431279e-01  1.818525e-01  1.301845e-01  1.243243e-01  2.610493e-02  2.846062e-02  
9.275000e-01  8.717202e-01  -1.557529e-01  -2.758645e-01  1.092099e-01  -1.060101e-01  1.463134e-02  -2.178521e-02  
5.100000e-01  -1.590595e-01  1.254964e-01  -4.680286e-01  5.018373e-02  -2.042557e-02  4.366771e-03  -4.563041e-02  
9.562500e-01  -9.251644e-01  2.071445e-01  -1.248043e-01  7.042770e-02  2.029386e-02  6.795246e-03  -6.709728e-02  
9.187500e-01  -9.175131e-01  3.794101e-02  -2.884115e-02  1.299796e-01  -1.013796e-01  -7.091869e-02  3.984249e-02  
9.112500e-01  1.953964e-01  6.475467e-02  -8.876957e-01  7.776965e-02  5.467907e-02  -5.398630e-02  1.199153e-02  
4.212500e-01  2.249572e-01  -2.761917e-01  2.248644e-01  7.263680e-02  -4.301852e-02  -3.892436e-03  -5.839830e-02  
8.975000e-01  -8.471650e-01  -2.282062e-01  -1.890492e-01  4.276469e-02  -1.343785e-02  3.640919e-02  1.796145e-02  
8.700000e-01  -8.522507e-01  1.747885e-01  4.217507e-03  1.011275e-01  -9.686670e-02  -1.166266e-02  -2.660050e-02  
6.087500e-01  1.331785e-01  -2.418911e-01  -5.425207e-01  5.973869e-02  -5.671687e-03  3.222041e-02  -4.998389e-02  
8.412500e-01  -4.125158e-01  4.613520e-01  5.698128e-01  8.930899e-02  -5.976764e-02  -2.417759e-02  -6.180105e-02  
7.825000e-01  -5.277187e-01  -3.547807e-01  -4.560152e-01  8.256679e-02  -5.101267e-02  -4.802362e-02  -4.368885e-02  
5.812500e-01  2.211652e-01  1.540591e-01  5.149790e-01  7.218671e-02  -3.590211e-02  5.533788e-02  -2.932029e-02  
7.437500e-01  -1.955780e-01  9.087837e-03  7.175171e-01  9.206331e-02  -5.748467e-02  -3.146272e-02  6.466268e-02  
9.450000e-01  7.242347e-01  2.161677e-01  5.672571e-01  9.780697e-02  -6.604094e-02  -4.503229e-02  -5.636390e-02  
5.075000e-01  1.864129e-01  -4.670649e-01  -6.824106e-02  6.386404e-02  4.826001e-02  3.129271e-02  -2.775523e-02  
9.450000e-01  -2.215112e-02  7.995666e-01  -5.032173e-01  1.168894e-01  -4.839461e-02  1.056006e-01  -1.302343e-02  
9.812500e-01  8.070434e-01  1.388011e-01  5.406170e-01  1.191940e-01  3.369651e-02  7.567509e-02  -8.570324e-02  
1.775000e-01  1.092962e-01  -1.377382e-01  2.426443e-02  6.017268e-02  5.627623e-02  -2.088226e-03  2.119852e-02  
1.575000e-01  1.342128e-01  7.123029e-02  4.146603e-02  1.231121e-01  7.326480e-02  8.094579e-02  -5.689137e-02  
5.100000e-01  5.042616e-01  -4.338001e-02  6.275653e-02  1.256931e-01  -1.148463e-01  -3.730209e-02  -3.489464e-02  
5.562500e-01  -1.046950e-01  -2.453988e-01  4.880906e-01  7.449993e-02  5.059811e-02  3.813164e-02  3.919246e-02  
7.912500e-01  7.398093e-01  3.987292e-02  2.777929e-01  6.644848e-02  -2.022201e-02  1.227755e-02  -6.209455e-02  
5.062500e-01  -2.708845e-01  1.706252e-01  -3.921705e-01  1.080302e-01  -1.007166e-01  -2.030421e-02  -3.338311e-02  
9.187500e-01  -5.980357e-01  6.766104e-01  1.692729e-01  1.033064e-01  3.722106e-02  5.132861e-03  9.623133e-02  
8.875000e-01  7.239628e-01  3.971092e-01  -3.253281e-01  2.692249e-02  -2.351007e-02  1.115698e-02  6.900644e-03  
7.500000e-01  -6.024822e-01  -4.298783e-01  -1.213256e-01  9.807239e-02  -7.512619e-02  -1.361360e-02  -6.155420e-02  
9.787500e-01  -9.736745e-01  6.846431e-02  -7.226450e-02  2.641712e-02  -1.282332e-02  -2.309001e-02  -5.274697e-04  
5.287500e-01  9.602049e-02  -7.684295e-02  -5.142488e-01  5.540767e-02  1.011185e-02  4.849320e-03  -5.426089e-02  
8.000000e-01  7.022905e-01  -2.933491e-01  -2.464434e-01  1.265872e-01  2.910299e-02  8.484996e-02  -8.931870e-02  
9.575000e-01  -9.506689e-01  1.070135e-01  3.978732e-02  9.331098e-02  7.600788e-02  4.691228e-02  -2.699961e-02  
7.337500e-01  -6.723429e-01  5.379986e-02  2.888765e-01  6.241577e-02  -4.499254e-02  -4.158108e-02  1.193370e-02  
6.812500e-01  6.258399e-01  2.589584e-01  -7.325648e-02  3.766853e-02  5.274653e-03  1.511983e-02  3.409526e-02  
9.950000e-01  7.049960e-01  -6.726506e-01  -2.013622e-01  1.360550e-02  7.528432e-03  -1.082310e-02  -3.360479e-03  
8.812500e-01  8.579171e-01  -1.942346e-01  5.341059e-02  1.042528e-01  8.095256e-02  4.514164e-02  4.772385e-02  
5.012500e-01  -5.006501e-01  -2.356046e-02  6.780005e-03  6.337334e-02  6.174270e-02  -1.428184e-02  2.214817e-04  
9.300000e-01  -3.660990e-01  -4.321995e-02  -8.538171e-01  9.454272e-02  -3.248167e-02  8.385073e-02  2.919454e-02  
5.437500e-01  5.384370e-01  4.305493e-02  6.241702e-02  3.367352e-02  3.224641e-02  -9.687471e-03  4.774374e-04  
9.550000e-01  8.734831e-01  3.106356e-01  2.292550e-01  1.058869e-01  6.870273e-02  7.092907e-02  -3.822347e-02  
7.387500e-01  -6.672268e-01  -2.938673e-01  1.191719e-01  1.275093e-01  -5.507356e-03  -1.030655e-01  -7.487175e-02  
4.662500e-01  -3.185184e-01  -9.965141e-02  -3.255836e-01  1.495600e-01  -5.645591e-02  -1.204068e-01  6.843331e-02  
8.650000e-01  5.086839e-01  4.592404e-01  -5.277916e-01  7.344648e-02  6.342957e-02  2.606120e-02  2.630377e-02  
9.800000e-01  -8.327015e-02  -9.753141e-01  -4.720770e-02  1.048183e-01  -8.348227e-03  -8.303487e-02  6.342230e-02  
9.675000e-01  -2.276431e-01  8.244707e-01  -4.521979e-01  6.944817e-02  6.422514e-02  -1.116358e-02  -2.394897e-02  
8.187500e-01  -7.099969e-02  -7.863828e-01  -2.165935e-01  9.699911e-02  8.849959e-02  2.393218e-02  3.168439e-02  
4.700000e-01  4.699660e-01  -3.818200e-03  4.173197e-03  1.146119e-01  -6.126790e-02  4.760392e-03  -9.674433e-02  
7.712500e-01  4.989523e-01  -5.395383e-01  -2.340334e-01  7.123825e-02  6.357496e-03  1.673217e-02  6.895292e-02  
5.600000e-01  -5.598410e-01  1.181547e-02  6.204885e-03  6.323331e-02  5.971881e-02  -1.114056e-02  -1.755002e-02  
6.200000e-01  -4.343800e-01  -2.179711e-01  -3.849709e-01  1.171226e-01  -8.639979e-02  -6.994534e-02  3.688410e-02  
8.037500e-01  -7.341021e-01  -3.082003e-01  -1.100944e-01  5.415537e-02  4.685505e-02  -1.622607e-03  -2.710674e-02  
8.812500e-01  1.182518e-01  3.582344e-01  -7.964209e-01  7.561798e-03  2.187479e-03  -6.984105e-03  -1.902103e-03  
6.837500e-01  -4.614537e-01  -4.682651e-01  -1.878892e-01  5.413546e-02  -5.349708e-02  8.028685e-03  -2.061703e-03  
8.362500e-01  8.302177e-01  1.809100e-02  -9.861706e-02  7.576545e-02  2.807553e-02  2.343504e-02  -6.635486e-02  
9.750000e-01  5.834202e-01  7.763385e-01  -8.685862e-02  7.929208e-02  -7.576815e-02  1.586094e-03  -2.332177e-02  
9.450000e-01  8.713041e-01  8.872622e-02  -3.549391e-01  9.673924e-02  2.447414e-02  -2.849169e-02  -8.914999e-02  
6.375000e-01  1.695247e-02  -6.174294e-01  -1.577967e-01  5.602062e-02  -1.754497e-02  -2.966878e-02  4.416160e-02  
6.075000e-01  2.203706e-02  -5.836778e-01  -1.670056e-01  9.296148e-02  1.575102e-02  6.268660e-02  -6.681416e-02  
9.387500e-01  6.370745e-01  -3.688051e-01  5.825551e-01  3.252016e-02  -1.390413e-02  2.825061e-02  8.132592e-03  
5.975000e-01  -3.767662e-01  -2.212400e-02  4.632105e-01  1.110081e-01  -7.512749e-02  3.593214e-02  -7.339980e-02  
5.387500e-01  -4.910021e-01  -1.437700e-01  -1.688155e-01  6.519045e-02  1.706394e-02  1.008232e-02  -6.210446e-02  
9.225000e-01  6.662433e-01  -1.175788e-02  -6.379560e-01  5.926071e-02  -3.605119e-03  -5.581075e-02  1.959580e-02  
8.737500e-01  5.129502e-01  2.774720e-01  6.506385e-01  1.081543e-01  6.910390e-02  -2.694682e-02  7.871392e-02  
9.625000e-01  -7.735525e-01  5.267846e-01  -2.247683e-01  1.034058e-01  8.658608e-02  -4.194973e-02  3.789241e-02  
6.937500e-01  5.517398e-01  4.192220e-01  3.354386e-02  4.291065e-02  -1.713993e-02  3.506973e-02  1.782302e-02  
9.087500e-01  7.629559e-01  3.587051e-01  3.391984e-01  1.252228e-01  6.088795e-02  8.565606e-02  -6.809138e-02  
9.800000e-01  7.736141e-01  5.497309e-01  2.443709e-01  8.532429e-02  -4.099276e-02  -9.394376e-03  7.423997e-02  
8.362500e-01  6.479410e-01  5.266332e-01  4.630412e-02  7.922382e-02  -7.750246e-02  -1.001977e-02  1.301485e-02  
6.025000e-01  7.433504e-02  3.820632e-01  4.599003e-01  5.315719e-02  -5.233465e-02  -3.902763e-03  -8.458104e-03  
9.462500e-01  -5.404124e-01  -7.351151e-01  -2.508968e-01  7.561916e-02  8.852804e-03  4.989996e-02  -5.612379e-02  
5.025000e-01  -3.464095e-01  3.497775e-01  -1.008086e-01  9.813140e-02  1.801921e-02  9.636004e-02  4.452181e-03  
9.025000e-01  -1.663702e-01  3.920341e-01  -7.956987e-01  1.289938e-01  1.003547e-01  -3.902948e-02  -7.102841e-02  
7.950000e-01  -7.883083e-01  -9.975711e-02  -2.536951e-02  9.304496e-02  -7.056572e-02  -6.248499e-03  -6.032246e-02  
9.287500e-01  7.698485e-01  -2.035773e-02  -5.191294e-01  6.370053e-02  -2.208373e-02  -4.389692e-02  -4.053549e-02  
8.750000e-01  -8.374660e-01  -2.164587e-01  1.319896e-01  8.806231e-02  -2.735081e-02  8.354732e-02  5.171993e-03  
8.637500e-01  7.026833e-01  1.266625e-01  4.860627e-01  1.099100e-01  -9.950061e-02  2.942125e-02  3.625238e-02  
5.312500e-01  -4.000968e-01  -3.379950e-01  8.893000e-02  1.077856e-01  -3.228036e-02  -8.904093e-02  5.145324e-02  
7.025000e-01  -5.518460e-01  4.330580e-01  3.785552e-02  7.706040e-02  3.174358e-02  4.483455e-02  5.404178e-02  
8.337500e-01  -6.685196e-01  9.458282e-02  4.891571e-01  3.948123e-02  9.923418e-03  2.849286e-02  2.546469e-02  
8.462500e-01  7.289899e-01  3.697683e-01  2.190529e-01  9.614907e-02  2.894960e-02  -9.055367e-02  1.437344e-02  
9.475000e-01  6.790563e-01  3.217420e-01  5.771663e-01  1.134236e-01  -1.106385e-01  2.413828e-02  6.434272e-03  
8.200000e-01  -6.636738e-01  -2.939665e-01  -3.814718e-01  1.038355e-01  -1.022893e-01  1.759278e-02  3.032916e-03  
8.887500e-01  7.395010e-01  -8.036325e-02  -4.863708e-01  6.162865e-02  -4.069450e-02  2.731408e-02  3.736293e-02  
3.675000e-01  -3.275650e-01  1.440120e-01  8.377319e-02  9.544907e-02  1.120920e-02  9.011938e-02  -2.938327e-02  
8.712500e-01  8.028485e-01  2.821412e-01  1.868348e-01  2.869192e-02  2.434595e-02  1.153507e-02  -9.871311e-03  
5.537500e-01  3.765938e-01  -2.176645e-01  -3.426928e-01  9.595447e-02  -9.077275e-02  -3.069083e-02  -5.063732e-03  
5.175000e-01  -4.087092e-01  3.004773e-01  1.023546e-01  5.637680e-02  4.750729e-02  -2.978471e-02  -5.854272e-03  
6.162500e-01  1.528184e-01  -1.124953e-01  5.863066e-01  5.467785e-02  -5.404595e-02  2.638781e-03  7.857431e-03  
9.937500e-01  -7.866979e-01  6.066197e-01  -2.565293e-02  7.360789e-02  1.442342e-02  5.375498e-02  -4.817145e-02  
9.000000e-01  8.576035e-01  -2.693040e-01  4.462782e-02  6.657411e-02  -2.730991e-02  -5.116193e-02  -3.269157e-02  
8.837500e-01  -3.801064e-01  7.667103e-01  -2.206546e-01  4.956876e-02  4.860073e-02  -9.701032e-03  9.596202e-04  
4.687500e-01  1.272642e-01  3.263030e-01  -3.115393e-01  1.206106e-01  -1.281890e-02  1.089567e-01  -5.011032e-02  
6.900000e-01  1.837160e-01  6.379946e-01  -1.879131e-01  5.978278e-02  8.830575e-03  -4.683322e-03  -5.894122e-02  
8.487500e-01  8.424691e-01  -1.758484e-02  1.015535e-01  9.605738e-02  -8.470538e-02  -3.148586e-02  -3.256775e-02  
9.625000e-01  -3.644700e-01  -1.955802e-01  8.690893e-01  9.264720e-02  -6.285636e-02  -6.681324e-02  -1.298358e-02  
8.137500e-01  7.875705e-01  -1.989650e-01  4.831805e-02  9.171925e-02  -6.955699e-02  4.297592e-02  -4.156099e-02  
3.712500e-01  1.586909e-01  -2.606527e-01  2.114330e-01  1.217969e-01  -7.354900e-02  7.777783e-02  -5.810028e-02  
7.100000e-01  5.319985e-01  -3.940345e-01  2.565433e-01  8.661629e-02  -4.061952e-02  5.254199e-02  -5.560374e-02  
8.200000e-01  8.160485e-01  -5.088464e-02  6.225449e-02  5.479423e-02  -1.134329e-02  1.150472e-02  -5.235818e-02  
5.075000e-01  -4.617792e-01  7.666871e-03  2.103745e-01  7.958627e-02  3.833115e-02  -6.085297e-02  -3.408245e-02  
7.637500e-01  1.922825e-01  1.793921e-01  -7.170495e-01  4.513351e-02  -2.246058e-02  -3.336063e-02  -2.048473e-02  
9.337500e-01  6.974040e-01  5.654305e-01  -2.565248e-01  7.017325e-02  -5.450265e-02  -4.232360e-02  1.274595e-02  
6.762500e-01  -5.896909e-01  -1.095310e-01  -3.123807e-01  9.331616e-02  -8.883432e-02  2.690552e-02  -9.615691e-03  
9.775000e-01  -9.774962e-01  -2.560393e-03  9.652366e-04  9.310759e-02  -3.484293e-02  1.677550e-02  8.469696e-02  
9.862500e-01  3.173929e-01  4.437319e-01  -8.216160e-01  9.411162e-02  5.812212e-02  2.901912e-02  -6.809337e-02  
8.462500e-01  1.867154e-01  7.827748e-01  2.618014e-01  1.096004e-01  8.348517e-02  7.098678e-02  1.832238e-03  
7.962500e-01  7.823960e-01  1.933458e-02  1.466177e-01  8.618508e-02  6.881447e-02  4.434151e-02  2.694936e-02  
9.775000e-01  -9.481694e-04  -4.483053e-01  -8.686355e-01  8.747017e-02  -1.523021e-02  2.804074e-02  -8.144193e-02  
5.150000e-01  4.882438e-01  1.569993e-01  -4.684191e-02  1.264242e-01  -4.571220e-02  2.620934e-02  1.149197e-01  
6.937500e-01  -4.906008e-01  4.657172e-01  1.539720e-01  1.067218e-01  9.572900e-02  4.409788e-02  -1.675949e-02  
8.712500e-01  1.641911e-02  7.622945e-01  4.215614e-01  8.382693e-02  7.919832e-02  -6.532708e-03  2.668156e-02  
4.425000e-01  -8.851228e-03  4.403654e-01  4.250007e-02  9.775462e-02  -5.868995e-02  -7.775736e-02  -8.077654e-03  
6.512500e-01  -6.511346e-01  -2.029870e-03  1.208908e-02  8.220497e-02  5.817777e-02  2.828701e-02  -5.072326e-02  
4.187500e-01  3.935628e-01  1.042213e-01  9.796827e-02  9.554551e-02  -5.305838e-02  -7.770882e-02  1.658595e-02  
7.937500e-01  1.146316e-01  7.262352e-01  2.991339e-01  9.166475e-02  -7.002422e-02  -5.152772e-02  2.905045e-02  
9.375000e-01  -6.940632e-01  1.151892e-01  -6.196079e-01  7.989537e-02  3.545216e-02  -5.476981e-02  -4.611597e-02  
6.312500e-01  -3.340624e-01  5.321423e-01  6.085631e-02  7.281104e-02  5.718816e-02  -3.694689e-02  -2.580483e-02  
8.850000e-01  -8.765886e-01  1.031638e-01  6.461135e-02  5.333740e-02  -4.295052e-02  1.111682e-02  -2.960654e-02  
2.350000e-01  -2.202335e-01  -1.158667e-02  -8.116635e-02  1.034842e-01  -2.784200e-02  -9.703841e-02  2.274533e-02  
1.387500e-01  -8.545306e-02  -8.579316e-02  -6.774121e-02  7.818827e-02  -7.589704e-02  -6.178759e-03  -1.774454e-02  
7.850000e-01  1.264916e-01  -4.283817e-02  7.735566e-01  6.908045e-02  4.072199e-02  -1.593072e-02  5.347935e-02  
9.712500e-01  1.447869e-01  -9.603428e-01  1.024379e-02  2.426110e-02  -1.182835e-02  1.797219e-02  1.121121e-02  
8.562500e-01  -6.486899e-01  -4.770224e-01  2.912303e-01  1.137089e-01  3.546981e-02  8.236812e-02  -6.990786e-02  
9.050000e-01  8.232513e-01  -1.900117e-01  3.243113e-01  8.687347e-02  5.517749e-02  -6.231097e-02  -2.489551e-02  
9.337500e-01  8.096397e-01  4.154151e-01  2.092915e-01  7.119349e-02  4.293007e-03  -6.749055e-02  -2.225103e-02  
2.650000e-01  1.145199e-01  -1.716547e-01  -1.662675e-01  1.040025e-01  -3.437073e-02  9.593192e-02  2.079058e-02  
5.650000e-01  -2.144404e-01  3.217851e-01  -4.119401e-01  7.001374e-02  -5.615760e-02  -4.157692e-02  4.428093e-03  
5.962500e-01  5.951050e-01  1.577569e-04  -3.693385e-02  8.123122e-02  7.245371e-02  -2.893254e-02  2.262475e-02  
8.462500e-01  -8.444045e-01  5.386481e-02  1.478589e-02  8.246713e-02  -1.566865e-03  -1.278500e-02  -8.145500e-02  
8.950000e-01  7.502083e-01  2.795691e-01  -4.000670e-01  1.036543e-01  -7.948526e-02  6.642222e-02  3.793715e-03  
6.587500e-01  6.587460e-01  -2.111480e-03  8.793800e-04  7.524305e-02  -1.843172e-02  -6.889948e-02  2.397187e-02  
8.875000e-01  8.742695e-01  -1.526716e-01  -6.300489e-04  6.837232e-02  5.541972e-02  -1.850498e-03  4.000006e-02  
8.112500e-01  -4.022871e-01  -3.743283e-01  5.967998e-01  8.337516e-02  -1.125205e-02  7.628949e-02  -3.169734e-02  
9.100000e-01  -4.606714e-01  -7.302294e-01  2.874836e-01  5.676016e-02  5.614227e-02  -6.080587e-03  5.726125e-03  
5.837500e-01  -3.580553e-01  3.767537e-01  2.657389e-01  1.335088e-01  8.194178e-02  1.007515e-01  -3.097234e-02  
7.425000e-01  -7.156714e-01  6.160587e-02  -1.879505e-01  8.100088e-02  -4.660451e-02  5.402432e-02  -3.834756e-02  
3.825000e-01  -3.750566e-01  -3.487006e-02  -6.650477e-02  9.696047e-02  -2.289707e-02  3.604769e-02  8.704954e-02  
5.412500e-01  -4.839995e-01  -2.093339e-01  -1.219647e-01  7.357467e-02  -1.909869e-02  5.934729e-02  3.906880e-02  
7.200000e-01  3.275075e-03  -6.767544e-01  -2.457492e-01  1.157704e-01  8.445555e-03  6.997860e-02  -9.183926e-02  
5.287500e-01  -4.258077e-01  -1.159589e-01  2.912351e-01  5.396370e-02  -6.108165e-03  4.013304e-02  -3.555433e-02  
9.562500e-01  8.312627e-01  -3.425346e-01  3.257091e-01  7.072138e-03  -3.458856e-03  -3.775555e-03  -4.878179e-03  
7.037500e-01  -6.934229e-01  6.076164e-02  1.036182e-01  2.988177e-02  8.393331e-04  2.729153e-02  1.214036e-02  
8.337500e-01  -8.038412e-01  2.150298e-01  5.235069e-02  2.395528e-02  -1.163434e-02  -1.562635e-02  -1.393967e-02  
9.637500e-01  -8.931366e-01  -3.618201e-01  1.439969e-02  6.747587e-02  3.751361e-02  5.490543e-02  -1.145058e-02  
1.875000e-01  -1.057171e-01  1.121505e-01  1.067820e-01  1.134220e-01  -1.110965e-01  4.675429e-03  2.236657e-02  
9.137500e-01  8.334563e-01  3.870551e-02  -3.725474e-01  6.712761e-02  1.731381e-02  5.145074e-02  -3.948632e-02  
7.600000e-01  -6.702944e-01  -1.794703e-01  3.099933e-01  9.934083e-02  7.959583e-02  5.926719e-02  4.528186e-03  
9.900000e-01  -8.249525e-01  -1.328136e-01  5.309557e-01  7.589627e-02  2.081967e-02  6.506318e-02  3.306913e-02  
9.500000e-01  6.800489e-01  -1.818127e-01  6.379480e-01  3.863729e-02  5.840936e-03  -3.672836e-02  -1.047622e-02  
6.200000e-01  5.328732e-01  3.953628e-02  3.144568e-01  9.624644e-02  -3.448724e-02  -7.433776e-02  -5.047677e-02  
4.050000e-01  1.462143e-02  1.117214e-01  -3.890110e-01  1.042453e-01  -7.574488e-02  5.045324e-02  -5.083578e-02  
6.375000e-01  5.684031e-01  -2.867888e-01  -3.280869e-02  1.116377e-01  -1.892188e-02  1.100151e-01  1.271138e-03  
8.275000e-01  4.100284e-01  6.806662e-01  -2.309252e-01  4.181609e-02  1.988612e-02  -3.647910e-02  -4.733130e-03  
3.775000e-01  -3.487145e-01  -6.865452e-02  1.272440e-01  3.052478e-02  1.996122e-04  -1.152758e-02  2.826371e-02  
8.025000e-01  3.558834e-01  6.847060e-02  7.160063e-01  8.909270e-02  4.741146e-02  4.807492e-02  -5.812456e-02  
5.350000e-01  3.039847e-01  4.099891e-01  -1.603971e-01  8.573040e-02  2.302776e-02  3.952344e-02  7.250739e-02  
9.900000e-01  -3.205342e-01  8.576754e-01  -3.764981e-01  9.525009e-02  7.715383e-02  -4.728170e-02  2.973730e-02  
7.387500e-01  -7.103301e-01  2.987157e-02  -2.007247e-01  5.494094e-02  4.070491e-02  2.321520e-02  -2.868226e-02  
3.237500e-01  2.907127e-01  9.087278e-02  1.097376e-01  8.621195e-02  -7.527781e-02  -2.407912e-02  -3.443759e-02  
9.800000e-01  -7.784126e-02  -6.641587e-01  -7.164035e-01  6.576295e-02  2.530034e-02  3.833273e-02  -4.706654e-02  
9.712500e-01  7.690040e-01  -4.031382e-01  -4.352460e-01  6.233996e-02  -4.582514e-02  -1.747644e-02  3.848248e-02  
9.362500e-01  -1.188479e-01  2.470067e-01  -8.952245e-01  1.308189e-01  7.029063e-02  9.471606e-02  5.658346e-02  
7.200000e-01  9.322282e-02  5.423872e-01  4.642473e-01  7.832941e-02  -5.130198e-02  4.866859e-02  3.368934e-02  
8.675000e-01  -5.629868e-01  2.411713e-01  6.143603e-01  1.025964e-01  -7.995496e-02  6.110553e-02  1.998355e-02  
8.837500e-01  -8.291543e-01  -1.519672e-01  2.653738e-01  4.907270e-02  -9.399080e-03  4.359392e-02  -2.047822e-02  
5.587500e-01  -3.965823e-01  -2.192274e-01  3.268996e-01  7.353556e-02  -2.607723e-02  -4.341894e-02  -5.331278e-02  
7.275000e-01  -6.154335e-01  1.598639e-01  -3.534706e-01  5.929906e-02  -5.387476e-02  -8.780549e-03  -2.316875e-02  
9.112500e-01  8.290471e-01  1.140405e-01  3.606275e-01  8.505089e-02  4.978198e-02  6.014198e-02  -3.373945e-02  
9.962500e-01  4.156808e-01  -2.677157e-01  8.648999e-01  1.171409e-01  3.915845e-02  -8.462925e-02  -7.089777e-02  
6.075000e-01  -6.056318e-01  -4.713303e-02  6.695543e-03  1.419076e-01  -1.313140e-01  5.059833e-02  1.828142e-02  
6.287500e-01  1.428234e-01  -6.082026e-01  7.083542e-02  1.067996e-01  3.246832e-02  -6.452252e-02  -7.866891e-02  
6.312500e-01  -3.046244e-01  4.923355e-01  2.515677e-01  9.193065e-02  3.401546e-02  -5.421600e-02  -6.599105e-02  
6.925000e-01  -4.992218e-01  4.725435e-01  8.388396e-02  3.684093e-02  -4.875723e-03  -3.217065e-02  1.727805e-02  
8.575000e-01  5.164095e-01  -9.532113e-02  -6.778948e-01  1.030564e-01  3.997703e-03  1.522056e-03  -1.029676e-01  
7.200000e-01  -5.823816e-01  3.961229e-01  -1.493931e-01  6.316022e-02  -5.810269e-02  -1.823193e-02  -1.675972e-02  
5.700000e-01  -3.940394e-01  3.595471e-01  2.008951e-01  1.112094e-01  1.735385e-02  -9.130807e-02  -6.106735e-02  
8.537500e-01  5.779331e-01  -3.855013e-01  4.962571e-01  1.188847e-01  3.163378e-04  -8.350982e-02  -8.461425e-02  
7.187500e-01  7.107501e-01  1.796086e-02  -1.054195e-01  9.748328e-02  -1.424654e-02  -4.072131e-02  8.741739e-02  
4.175000e-01  -1.860946e-01  1.596506e-01  -3.379153e-01  2.428296e-02  -1.674916e-02  1.564554e-02  -8.021512e-03  
9.475000e-01  -5.472182e-01  -7.406363e-01  2.230838e-01  8.971236e-02  6.448124e-02  -3.750152e-02  4.984088e-02  
5.862500e-01  -1.985125e-01  5.109278e-01  2.079295e-01  7.824533e-02  -2.097175e-02  1.714429e-02  -7.340702e-02  
9.625000e-01  -8.814915e-01  1.735347e-01  -3.453472e-01  9.073191e-02  -3.522344e-02  2.251691e-03  -8.358540e-02  
9.650000e-01  9.648806e-01  1.499773e-02  -2.357052e-03  1.097316e-01  -1.945311e-03  1.090241e-01  1.228696e-02  
8.775000e-01  8.334475e-01  1.591480e-01  2.237038e-01  9.206398e-02  2.580888e-02  -7.801491e-02  4.151328e-02  
9.362500e-01  -1.347756e-01  -8.491442e-01  -3.706126e-01  9.450769e-02  -8.724407e-02  3.157314e-02  -1.798087e-02  
6.925000e-01  6.802805e-01  2.357372e-02  1.273536e-01  1.244982e-01  -2.611788e-02  1.120379e-01  -4.759367e-02  
8.250000e-01  -4.713240e-01  -6.749172e-01  -5.445650e-02  6.724177e-02  -5.513012e-02  -3.625452e-02  -1.295126e-02  
7.712500e-01  6.889725e-01  -3.226604e-01  1.266245e-01  4.742222e-02  2.102598e-02  -4.243008e-02  2.542192e-03  
8.000000e-01  -4.574582e-01  -6.106374e-01  -2.405285e-01  8.940178e-02  8.850579e-02  1.365215e-03  1.255143e-02  
7.250000e-01  6.487284e-01  1.096481e-01  3.045549e-01  9.693921e-02  3.390700e-04  -1.400300e-03  9.692850e-02  
2.825000e-01  1.825616e-02  1.458747e-01  -2.412333e-01  9.566358e-02  -9.258653e-02  -7.004394e-03  2.302592e-02  
9.025000e-01  -7.156019e-01  -2.277563e-01  5.005470e-01  4.741831e-02  -2.737584e-02  -1.899478e-02  3.373808e-02  
6.250000e-01  4.251710e-01  -4.563822e-01  3.962251e-02  7.149416e-02  -6.946036e-02  1.622187e-02  -4.850145e-03  
5.987500e-01  -4.066523e-02  2.095186e-01  -5.594192e-01  1.104007e-01  6.826504e-02  7.259048e-02  -4.752701e-02  
3.612500e-01  3.474656e-01  -6.886293e-02  7.090204e-02  1.279581e-01  7.589093e-02  -8.627593e-02  -5.630544e-02  
6.887500e-01  -4.556118e-01  -5.045879e-01  -1.103881e-01  3.487197e-02  -8.022934e-03  -3.016983e-02  1.553925e-02  
8.162500e-01  -6.241362e-01  3.369768e-02  -5.249596e-01  4.906136e-02  -2.124595e-02  -4.315927e-02  -9.638656e-03  
9.012500e-01  -4.370103e-01  7.853456e-01  6.712596e-02  8.643818e-02  7.506745e-02  -4.283083e-02  -1.399313e-03  
9.900000e-01  -2.927847e-01  9.313994e-01  1.639277e-01  8.226818e-02  4.081746e-02  -6.903537e-02  -1.833322e-02  
5.687500e-01  -5.682936e-01  -1.897763e-02  1.260330e-02  7.662549e-02  -7.596105e-02  9.994959e-03  1.218264e-03  
4.475000e-01  -4.387988e-01  -5.863101e-02  6.537772e-02  9.650685e-02  3.042296e-02  -1.057626e-02  -9.097339e-02  
5.300000e-01  -3.883574e-01  -2.452228e-01  2.644698e-01  9.273045e-02  -5.770279e-02  -7.165620e-02  1.160664e-02  
9.687500e-01  1.028024e-01  -1.109997e-01  -9.568633e-01  6.621890e-02  -2.368949e-02  -5.947041e-02  1.694171e-02  
4.775000e-01  -2.025126e-02  -7.711243e-02  4.707970e-01  8.489364e-02  -7.876343e-02  2.911570e-02  1.247108e-02  
9.150000e-01  8.071607e-01  4.303177e-01  -2.330897e-02  9.853190e-02  -8.420714e-02  -1.013282e-02  5.014997e-02  
9.637500e-01  -3.884548e-01  -6.346667e-01  -6.124663e-01  4.454519e-02  -1.538837e-02  7.168968e-03  -4.118346e-02  
7.887500e-01  2.497691e-01  7.057673e-02  7.448227e-01  1.114948e-01  5.569749e-02  5.264797e-02  8.097581e-02  
4.750000e-01  -2.588926e-01  2.235387e-01  3.295908e-01  1.141518e-01  -9.321512e-02  1.748995e-02  -6.352696e-02  
7.175000e-01  -2.307312e-01  -4.690623e-01  -4.914773e-01  8.297590e-02  4.306626e-02  6.942892e-02  -1.448873e-02  
9.575000e-01  9.340141e-01  -2.146083e-02  -2.096746e-01  5.064230e-02  -8.348701e-03  -2.641572e-02  -4.239282e-02  
5.400000e-01  -3.780404e-01  -1.015849e-01  -3.719757e-01  6.499515e-02  6.119431e-02  1.424162e-02  -1.663740e-02  
6.525000e-01  -1.883765e-01  -6.218789e-01  5.947431e-02  1.082675e-01  -5.490451e-02  -6.051127e-02  -7.103326e-02  
4.900000e-01  -3.482711e-01  2.676461e-02  3.436436e-01  9.018392e-02  -9.007999e-02  -4.150845e-03  -1.226904e-03