1.500000e-01  -9.493089e-02   -4.686805e-02  -1.062615e-01  4.360193e-03  1.538534e-02  -3.292429e-02   
3.000000e-01  1.335852e-01   1.975008e-01  1.820671e-01  -2.034259e-02  1.297900e-03  -1.583705e-03   
4.500000e-01  -2.813897e-02   7.445882e-02  4.429041e-01  -2.209058e-02  1.154678e-02  2.440483e-03   
9.000000e-01  6.781961e-02   -6.240431e-01  6.449579e-01  2.411714e-02  5.637132e-03  5.154189e-03   
6.000000e-01  5.988466e-01   -3.606339e-02  -9.067546e-03  8.538336e-03  -1.158061e-02  1.553343e-02   
5.000000e-01  4.045107e-01   -1.920017e-01  2.225005e-01  1.754128e-02  -1.165341e-02  -1.030226e-02   
8.000000e-01  8.473357e-02   -7.261017e-01  3.249562e-01  5.426371e-03  1.017001e-02  -9.063925e-03   
5.000000e-01  2.930808e-01   -1.272008e-01  3.846084e-01  -7.948535e-03  3.244420e-03  9.591565e-04   
9.000000e-01  -8.522481e-02   1.650176e-01  -8.806281e-01  4.112411e-03  -1.033110e-03  -1.613293e-02   
8.000000e-01  7.999874e-01   -1.104724e-04  4.482196e-03  -1.996445e-02  6.857529e-03  -1.865618e-02   
9.000000e-01  1.181973e-01   4.769784e-01  -7.540033e-01  -2.140080e-03  5.432453e-03  -2.061665e-02   
1.000000e+00  -7.445354e-01   -6.406761e-01  -1.876196e-01  2.219840e-03  -5.625476e-03  1.428788e-03   
5.500000e-01  4.292739e-01   -2.929627e-01  -1.799911e-01  -1.596241e-02  -5.259422e-03  -4.491048e-03   
6.000000e-01  -3.771153e-01   1.228819e-01  4.502045e-01  -1.905214e-02  3.154233e-03  -2.090252e-02   
4.000000e-01  -1.213048e-02   -2.018153e-01  3.451426e-01  -4.081487e-03  5.933522e-03  1.790428e-02   
3.500000e-01  2.670009e-02   3.376035e-01  -8.837995e-02  -1.424052e-02  8.433808e-03  3.128385e-03   
4.500000e-01  4.433591e-01   -7.329556e-02  2.367436e-02  -5.077428e-04  1.752620e-02  -1.176247e-02   
4.000000e-01  -3.987778e-01   -2.248489e-02  -2.169506e-02  2.149482e-02  -2.749857e-02  4.723046e-03   
5.500000e-01  5.295412e-01   -5.198223e-02  -1.392263e-01  3.737720e-03  1.235295e-02  6.009201e-03   
5.500000e-01  4.233654e-02   2.868606e-01  -4.673528e-01  1.604422e-02  3.319432e-03  -1.439928e-02