1.088223e-02  -6.771005e-01  -1.467751e+00  1.531794e-01  7.918996e-01  -4.116636e-01  -5.580682e-02  
1.088223e-02  -1.787416e-01  -4.053419e-02  7.014260e-02  2.415586e-01  -8.312073e-01  -4.585735e-02  
1.088223e-02  2.295952e+00  5.288405e-01  1.280303e-01  -2.434638e-01  1.095450e+00  -6.244033e-03  
1.088223e-02  -2.351110e+00  -1.836557e+00  -4.262197e-02  5.169979e-01  -6.522155e-01  -2.342370e-02  
1.088223e-02  7.653694e-01  -3.456644e+00  1.487494e-01  9.265079e-01  2.063980e-01  -1.452259e-02  
1.088223e-02  -2.821655e+00  -1.700004e+00  -1.785968e-01  4.749820e-01  -7.075409e-01  5.038332e-02  
1.088223e-02  -2.224309e+00  6.301875e-01  1.533795e-01  -1.941321e-01  -8.273867e-01  2.123352e-02  
1.088223e-02  -6.527953e-01  2.265171e+00  -1.504372e-01  -8.672190e-01  -2.886768e-01  -1.748624e-01  
1.088223e-02  -8.317919e-01  -4.550167e-01  -1.044413e-01  3.650023e-01  -7.365947e-01  9.236535e-02  
1.088223e-02  -2.197722e-01  -5.818647e-01  -9.165153e-02  7.337585e-01  -5.270470e-01  -1.977679e-01  
1.088223e-02  -2.595368e+00  -1.682761e+00  1.344097e-01  4.950890e-01  -6.725078e-01  8.201484e-02  
1.088223e-02  2.313226e+00  -1.922604e+00  -7.420263e-02  6.550239e-01  8.235796e-01  -1.275306e-01  
1.088223e-02  2.422440e+00  -1.135214e-01  -3.332319e-02  9.605883e-02  1.084933e+00  -4.072010e-02  
1.088223e-02  -3.449641e-01  1.100904e-01  1.099688e-02  -9.207436e-02  -8.195817e-01  2.126904e-02  
1.088223e-02  -2.911236e+00  1.599964e+00  -1.837364e-02  -4.040197e-01  -7.312532e-01  -2.512648e-02  
1.088223e-02  -3.591701e+00  -2.335838e+00  2.021369e-01  4.452386e-01  -6.583883e-01  -2.883418e-02  
1.088223e-02  -1.915149e+00  3.586719e-01  2.468842e-02  -1.113205e-01  -8.324780e-01  -3.239114e-02  
1.088223e-02  2.173380e+00  6.515815e-01  7.660241e-02  -3.987778e-01  1.014016e+00  3.424984e-02  
1.088223e-02  4.605241e-01  -2.184074e-01  -7.230974e-02  9.703982e-01  1.699175e-01  1.581408e-01  
1.088223e-02  -2.797260e+00  -2.470672e+00  2.521074e-03  5.748786e-01  -5.862969e-01  1.347232e-03  
1.088223e-02  1.848930e+00  -3.113399e-01  -5.425537e-02  2.416124e-01  1.077964e+00  1.113634e-02  
1.088223e-02  2.677851e-01  -5.270771e-02  -6.390797e-02  7.192943e-01  -4.024531e-01  2.387699e-01  
1.088223e-02  2.825916e+00  -2.633217e+00  8.764152e-02  6.954014e-01  7.565651e-01  1.630374e-02  
1.088223e-02  1.738304e-01  -2.427708e-01  -2.910574e-02  8.516001e-01  -3.921413e-01  -2.055173e-01  
1.088223e-02  1.988349e-01  2.044146e+00  -7.699558e-02  -9.948415e-01  8.570172e-02  1.320632e-01  
1.088223e-02  2.463346e-01  -9.261795e-01  -1.823671e-01  9.121455e-01  -1.698577e-02  -1.360138e-01  
1.088223e-02  7.314420e-01  -8.737387e-01  7.320673e-02  9.333284e-01  4.620969e-01  -6.878504e-02  
1.088223e-02  6.842529e-01  -5.497785e-01  1.872431e-01  9.092908e-01  4.349072e-01  -1.766767e-01  
1.088223e-02  -1.125243e+00  2.286032e+00  -3.039371e-02  -7.841682e-01  -4.551925e-01  5.209736e-03  
1.088223e-02  -1.012963e+00  1.479072e+00  -1.085734e-02  -6.880012e-01  -5.916200e-01  -6.910892e-02  
1.088223e-02  1.091173e-01  5.909351e-01  -1.328767e-01  -8.674687e-01  -3.680405e-01  9.786097e-02  
1.088223e-02  -5.442768e-01  -8.039147e-01  -1.593256e-01  5.752079e-01  -6.479567e-01  -1.455963e-01  
1.088223e-02  1.423391e+00  -7.638571e-01  7.263447e-02  6.039159e-01  9.228308e-01  1.958225e-01  
1.088223e-02  7.338798e-01  7.137839e-01  -6.447545e-02  -8.666270e-01  6.145389e-01  -2.748435e-01  
1.088223e-02  -4.438874e-01  1.454792e+00  5.463269e-03  -8.492776e-01  -3.755943e-01  -1.790473e-01  
1.088223e-02  3.516499e+00  3.163627e+00  -8.794777e-03  -6.886329e-01  8.001140e-01  5.203898e-02  
1.088223e-02  -2.718271e+00  2.880055e-01  -2.266575e-02  -6.950753e-02  -8.562859e-01  -1.895267e-02  
1.088223e-02  5.598535e-01  1.133125e+00  -3.102269e-02  -1.027597e+00  2.701515e-01  -4.040636e-02  
1.088223e-02  -2.706382e+00  -2.288912e+00  8.237404e-02  5.651036e-01  -6.184208e-01  3.391554e-03  
1.088223e-02  -4.478626e-01  1.247645e+00  -5.620980e-02  -7.501578e-01  -4.970257e-01  7.577335e-02  
1.088223e-02  2.157073e-01  1.492837e+00  1.210198e-01  -1.005416e+00  4.305810e-02  -1.606426e-02  
1.088223e-02  7.044934e-01  -7.011480e-02  -7.142323e-02  5.350818e-01  1.028679e+00  -1.756925e-01  
1.088223e-02  2.508026e+00  3.771846e+00  3.637347e-02  -8.288597e-01  6.262409e-01  3.547376e-02  
1.088223e-02  2.973936e+00  9.662593e-01  3.641472e-02  -3.113811e-01  1.051317e+00  -1.616443e-02  
1.088223e-02  -7.464170e-01  -1.774481e+00  -1.187331e-02  8.229787e-01  -3.381377e-01  8.749168e-02  
1.088223e-02  -1.638983e+00  3.032499e+00  7.951996e-02  -8.102941e-01  -4.063364e-01  5.927860e-02  
1.088223e-02  -5.533381e-01  -3.744848e+00  1.631173e-01  8.977551e-01  -8.881129e-02  -1.871310e-02  
1.088223e-02  9.899294e-01  -3.671418e-01  -3.490024e-02  6.021495e-01  9.138536e-01  1.052339e-01  
1.088223e-02  1.043944e+00  1.470236e+00  2.810606e-02  -8.850759e-01  4.734586e-01  -1.275795e-01  
1.088223e-02  6.488819e-01  1.322718e+00  2.074835e-02  -9.894568e-01  2.838984e-01  7.300329e-02  
1.088223e-02  -4.878938e-01  9.000570e-01  -3.741659e-02  -7.035629e-01  -5.850083e-01  -6.763560e-02  
1.088223e-02  -7.283714e-01  -7.982537e-01  6.555097e-02  6.184032e-01  -5.273739e-01  -4.721845e-02  
1.088223e-02  8.176775e-01  2.685503e+00  -1.585916e-01  -1.005404e+00  2.784302e-01  3.839373e-02  
1.088223e-02  -3.973236e-01  1.283534e+00  -5.770828e-02  -7.943693e-01  -3.880094e-01  -5.497263e-03  
1.088223e-02  1.373512e+00  -1.535023e+00  -8.775851e-02  8.124395e-01  6.163843e-01  -2.005988e-01  
1.088223e-02  1.687630e+00  2.026068e-01  -1.271431e-01  -1.106732e-01  1.081368e+00  1.005027e-01  
1.088223e-02  -1.806709e+00  -7.264616e-01  1.032098e-01  2.953054e-01  -7.644517e-01  3.736766e-02  
1.088223e-02  2.686754e-01  1.688160e+00  -6.020100e-02  -9.542913e-01  5.836119e-02  1.452160e-01  
1.088223e-02  3.279578e-01  1.278354e+00  -5.711749e-02  -9.725576e-01  1.320540e-01  2.637751e-01  
1.088223e-02  1.049372e+00  2.571278e+00  -4.227664e-02  -9.498832e-01  3.571041e-01  1.034160e-01  
1.088223e-02  -2.383227e-01  1.461253e+00  -2.571617e-02  -8.745070e-01  -3.032850e-01  -8.474272e-02  
1.088223e-02  1.551039e+00  2.869349e-01  1.609135e-01  -1.045261e-01  1.085884e+00  -8.677170e-02  
1.088223e-02  1.664960e+00  2.022349e-01  -6.500901e-02  -1.259509e-01  1.110291e+00  1.129126e-01  
1.088223e-02  8.187999e-01  -2.122987e+00  -8.206906e-02  9.337636e-01  3.340151e-01  7.188722e-02  
1.088223e-02  -4.035246e-01  -1.464129e+00  6.248462e-02  8.384541e-01  -2.459854e-01  -6.240775e-02  
1.088223e-02  -1.982933e+00  1.372233e+00  -3.745076e-02  -4.726652e-01  -7.139590e-01  -1.000978e-01  
1.088223e-02  1.143013e+00  -1.183593e+00  2.825279e-02  7.813429e-01  6.384261e-01  1.176551e-01  
1.088223e-02  -2.039190e+00  -1.511677e+00  -1.111637e-02  4.937158e-01  -6.544150e-01  -1.854347e-02  
1.088223e-02  -2.763801e-01  3.599854e-01  -1.528552e-01  -4.025782e-01  -7.469397e-01  4.825698e-01  
1.088223e-02  6.277256e-01  4.523675e-01  -6.884721e-02  -9.041615e-01  7.287630e-01  3.044915e-01  
1.088223e-02  -6.850691e-01  -1.167471e+00  7.553361e-02  7.203407e-01  -5.135880e-01  4.153453e-03  
1.088223e-02  -1.668355e-02  -4.982673e+00  6.165123e-02  8.790033e-01  6.000950e-02  1.624323e-02  
1.088223e-02  7.189633e-01  2.301506e-01  6.221454e-03  -2.830625e-01  1.132020e+00  4.719864e-02  
1.088223e-02  -5.729003e-01  2.695670e-01  8.696310e-02  -2.086502e-01  -8.709407e-01  -1.035622e-01  
1.088223e-02  -2.579173e+00  -3.084021e-01  -1.175518e-03  1.088052e-01  -8.300514e-01  -1.138373e-02  
1.088223e-02  1.108228e+00  6.596019e-01  1.296475e-01  -6.573107e-01  8.995199e-01  -2.003791e-01  
1.088223e-02  2.827006e+00  1.801077e+00  -7.279942e-02  -5.818554e-01  9.072635e-01  -3.893443e-02  
1.088223e-02  6.199105e-01  -6.592308e-01  5.391255e-02  9.900313e-01  3.669256e-01  -5.859511e-02  
1.088223e-02  -4.259886e-01  1.241798e-01  -4.288728e-02  -5.730507e-02  -7.768132e-01  8.471380e-02  
1.088223e-02  -7.493113e-01  -2.860656e-01  6.250703e-02  2.672179e-01  -7.678249e-01  -5.173493e-02  
1.614587e-01  -7.226360e-02  2.500091e-01  -1.890843e-01  -2.276737e-01  -4.960908e-01  -2.281894e-01  
1.614587e-01  1.995517e-02  -2.621958e-02  8.615259e-03  -1.463473e-01  -1.730928e-01  2.197322e-01  
1.614587e-01  1.935659e-01  -4.069890e-01  3.019840e-01  5.894999e-02  2.203700e-01  9.609371e-03  
1.614587e-01  3.726466e-02  -2.967276e-02  4.131439e-02  8.344294e-01  2.175305e-02  -2.942279e-01  
1.614587e-01  6.769330e-02  2.006071e-01  -7.397736e-02  -3.150450e-01  6.807270e-01  3.920899e-01  
1.614587e-01  8.830313e-03  -2.000708e-01  -1.202235e-01  2.017244e-01  -7.192925e-02  5.108883e-02  
1.614587e-01  -1.509947e-01  2.361761e-01  2.350915e-01  -6.924123e-02  6.351597e-01  6.973932e-01  
1.614587e-01  -2.102390e-01  -3.285868e-01  -1.106790e-01  -1.582713e-01  -4.859193e-01  -3.238668e-01  
1.614587e-01  -1.363920e-01  -2.347162e-02  1.192199e-01  -8.955948e-02  -2.937528e-01  -2.276806e-01  
1.614587e-01  -2.098112e-01  3.441696e-02  8.673527e-02  1.418123e-01  7.123659e-01  9.374151e-02  
1.614587e-01  -1.693404e-01  6.948324e-02  4.313283e-02  -2.001621e-01  -7.801628e-01  -4.399312e-01  
1.614587e-01  2.190149e-02  -2.840195e-02  -9.366123e-02  1.814145e-01  2.880091e-01  -7.092225e-01  
1.614587e-01  -3.288246e-02  1.262481e-01  -2.661425e-01  3.118973e-01  -9.652972e-01  -2.106080e-01  
1.614587e-01  2.639872e-01  -1.326464e-01  -1.573767e-01  -9.798834e-01  4.279220e-01  1.057776e+00  
1.614587e-01  8.586789e-02  3.730404e-01  -5.895250e-02  -3.267277e-01  6.863025e-01  -2.016574e-01  
1.614587e-01  -1.715275e-02  -5.935462e-02  2.292449e-01  2.585394e-01  -4.122536e-02  -8.331617e-03  
1.614587e-01  3.929009e-01  -2.116677e-01  1.500320e-02  6.189140e-01  -5.600068e-02  -4.032626e-01  
1.614587e-01  -5.540918e-02  3.069154e-01  -3.236145e-02  -5.144629e-01  5.078240e-01  -2.195409e-01  
1.614587e-01  -5.331494e-02  -1.181607e-01  -2.955307e-02  1.878127e-01  4.945699e-02  2.250832e-02  
1.614587e-01  1.583327e-02  -3.165449e-02  5.167053e-02  2.318801e-01  -8.664190e-01  7.225796e-01  
3.893681e-01  -2.902981e+00  5.275689e+00  -3.848335e+00  4.086351e-01  9.849726e-02  -1.745761e-01  
3.893681e-01  -3.999003e-01  -2.221946e+00  1.517796e+00  -1.169364e+00  2.673060e-01  3.009797e-01  
3.893681e-01  3.270029e-01  -7.807187e-01  3.608559e-01  -3.197888e-01  5.922715e-01  -1.363157e+00  
3.893681e-01  6.992846e-02  -2.315675e+00  2.405343e+00  -1.113144e+00  -5.645770e-01  4.281451e-01  
3.893681e-01  1.104256e+00  1.017986e+00  1.182840e+00  8.271402e-01  -3.170465e-02  6.590036e-01  
3.893681e-01  8.958487e-01  3.934779e+00  -7.240040e-01  4.021353e-01  -2.546570e-01  2.558691e-01  
3.893681e-01  -7.018608e-01  -6.940765e+00  -1.979256e+00  1.160536e-01  1.909142e-01  3.084432e-03  
3.893681e-01  3.582340e-01  -3.754953e-02  5.348889e-02  -1.008822e+00  5.516048e-01  -7.952859e-01  
3.893681e-01  1.111354e+00  -2.406019e+00  -2.213845e+00  -3.163524e-01  1.791249e-01  1.031007e+00  
3.893681e-01  -4.884110e+00  6.666759e-01  3.382510e+00  6.698865e-01  5.408655e-01  -1.250747e-01  
3.893681e-01  -4.643609e+00  -2.147358e+00  4.519922e+00  4.508271e-02  8.406717e-01  -2.819927e-02  
3.893681e-01  2.160514e-01  1.350988e+00  3.074773e-02  -5.211168e-01  2.436193e-02  -1.259356e+00  
3.893681e-01  -5.537921e+00  3.757015e-01  2.454701e+00  -1.319599e-01  7.159257e-01  -2.506474e-01  
3.893681e-01  -3.470717e-01  -2.281182e+00  -1.258280e+00  -3.020445e-01  5.028818e-01  -8.666188e-01  
3.893681e-01  9.637457e-01  -5.689389e+00  -2.296523e+00  -5.082532e-01  -5.102332e-01  -8.053606e-01  
3.893681e-01  3.553660e-01  1.585020e-01  2.518528e-01  -7.548293e-01  -1.037816e+00  8.379879e-01  
3.893681e-01  -1.834065e+00  1.916461e+00  -5.939915e+00  -1.709250e-01  7.313437e-01  -1.680794e-01  
3.893681e-01  6.223825e+00  -5.110675e+00  -2.987700e+00  -4.292879e-01  -4.212540e-01  1.225846e-01  
3.893681e-01  -1.451588e+00  5.000716e-01  3.481441e+00  -3.036272e-01  -2.840636e-01  -1.218311e-01  
3.893681e-01  2.840351e+00  2.999278e+00  -1.700753e+00  -7.741052e-01  -1.500343e-01  4.950103e-01  
3.893681e-01  -2.388660e+00  -4.717492e+00  4.817980e-01  -5.829843e-01  4.649443e-01  1.876226e-01  
3.893681e-01  -8.997509e-01  -5.532648e-02  -3.116806e+00  7.504114e-01  -2.567062e-01  7.292392e-01  
3.893681e-01  -5.117806e-01  -2.369465e+00  2.686438e+00  4.495550e-01  3.260709e-01  1.044944e+00  
3.893681e-01  8.359783e-01  1.215137e+00  6.469145e-01  3.087775e-01  -7.120575e-01  -4.081764e-01  
3.893681e-01  6.138807e-01  -1.082612e-01  7.490606e-01  -1.084989e-03  3.945029e-01  3.584088e-02  
3.893681e-01  1.577307e+00  -2.241686e+00  2.114262e-01  1.681139e-01  -2.052669e-01  -2.035158e-02  
3.893681e-01  1.145520e+00  3.452095e+00  6.409728e+00  6.953978e-01  -9.597940e-04  1.388581e-01  
3.893681e-01  -8.105143e+00  2.172183e+00  -2.260406e+00  -1.597277e-01  -2.623979e-01  -6.489197e-01  
3.893681e-01  -5.938506e-01  -1.771543e+00  -9.383329e-01  9.659070e-01  -9.653340e-03  -4.045315e-01  
3.893681e-01  3.276329e-01  -4.307760e+00  2.298220e+00  -8.880792e-01  -5.106482e-01  1.327771e-02  
3.893681e-01  -5.400178e+00  -1.198740e+01  4.603687e+00  -1.925899e-01  1.399229e-01  1.684026e-01  
3.893681e-01  -3.432968e+00  1.017926e+00  2.080594e-01  -8.541527e-01  2.700100e-01  -2.556890e-01  
3.893681e-01  1.155313e+00  6.196938e+00  -9.433109e+00  -2.226816e-01  2.185013e-01  -9.309483e-02  
3.893681e-01  -4.130722e-01  5.872164e-01  1.356369e+00  2.846630e-01  6.149272e-01  8.872135e-01  
3.893681e-01  8.649194e-02  5.714501e-01  -5.345771e-01  5.282584e-01  1.117508e+00  6.725020e-01  
3.893681e-01  -1.319298e+00  -4.417690e+00  3.961652e+00  3.789259e-01  -5.104770e-01  5.358484e-01  
3.893681e-01  -1.451187e+00  4.202297e+00  -6.963600e+00  -6.811559e-01  -8.840787e-02  -3.603654e-01  
3.893681e-01  5.485735e+00  1.095931e+00  -4.004062e+00  -5.592335e-01  -5.200784e-01  -2.647733e-01  
3.893681e-01  3.525608e+00  -5.611248e-02  3.160826e+00  1.567264e-01  1.137725e+00  4.732097e-01  
3.893681e-01  1.173090e-02  2.884865e-03  2.124040e+00  -2.327634e-01  -4.579093e-01  4.755771e-01  
3.893681e-01  -6.510792e-01  -1.207493e+00  -7.097874e+00  2.238086e-01  6.850253e-01  -6.382631e-01  
3.893681e-01  6.027470e+00  1.050603e+00  1.940214e+00  2.309927e-01  -9.258329e-01  1.810517e-01  
3.893681e-01  4.476323e+00  7.709370e+00  -8.937052e-01  1.782657e-01  3.462270e-01  5.307564e-01  
3.893681e-01  -4.501424e-01  -6.756881e+00  -9.449386e-01  -3.449270e-01  3.130786e-01  -7.469454e-01  
3.893681e-01  3.529376e+00  -1.572355e+00  1.143456e+00  -2.597029e-01  -1.158906e-01  4.953437e-01  
3.893681e-01  -1.665025e-03  -2.556758e+00  1.960196e+00  -5.347915e-01  8.074061e-01  -4.519831e-01  
3.893681e-01  1.140480e+00  -6.196920e+00  2.568148e+00  1.274328e-01  -5.771319e-02  -4.597861e-01  
3.893681e-01  3.179667e+00  -2.357711e+00  1.319970e+00  5.705337e-01  -1.532857e-01  -2.356100e-01  
3.893681e-01  -1.920400e+00  3.838621e+00  3.195985e-02  -4.439144e-01  -6.851999e-01  -2.475083e-01  
3.893681e-01  7.640080e+00  6.165832e+00  5.524396e-01  -1.491640e-01  5.688954e-02  3.032859e-01  
3.893681e-01  -2.310123e+00  -1.434452e+01  5.106992e+00  -1.557856e-01  3.832781e-02  -4.855468e-01  
3.893681e-01  5.353729e-02  -4.956705e-01  1.539652e-01  7.019229e-01  8.959170e-01  2.075209e+00  
3.893681e-01  -1.518225e+00  1.883548e+00  -7.605095e-01  1.749696e-01  -8.923683e-01  -6.691071e-01  
3.893681e-01  -1.098731e+00  1.133958e+00  -4.581423e-01  5.124143e-01  -6.281046e-01  -9.774876e-01  
3.893681e-01  4.402378e-01  -5.792180e-01  9.414947e-01  8.879413e-01  8.061218e-01  9.093515e-01  
3.893681e-01  2.802106e+00  -1.606518e+00  1.299255e+00  1.228527e-01  2.924080e-01  -3.198457e-01  
3.893681e-01  7.833922e-01  5.233123e+00  4.031601e-02  -6.388549e-01  2.351681e-01  -7.183064e-01  
3.893681e-01  1.850939e+00  -5.370648e+00  1.243089e+00  -3.101228e-01  -5.278295e-01  -4.197571e-02  
3.893681e-01  1.623721e-01  1.514504e+00  4.557302e-01  -1.221258e-01  1.019735e+00  3.404197e-01  
3.893681e-01  2.550619e+00  6.753305e+00  6.348148e+00  -4.985916e-01  -1.413177e-03  -2.466954e-01  
3.893681e-01  -7.677907e+00  4.610903e+00  1.600091e-01  -1.184309e-01  -4.494176e-01  -2.948671e-01  
3.893681e-01  1.561539e+00  -1.344181e+00  -2.024110e+00  1.485320e-01  3.341363e-01  -1.823162e-02  
3.893681e-01  -3.535517e+00  2.378431e+00  -2.223081e+00  -3.726958e-01  -4.036653e-01  5.506993e-01  
3.893681e-01  -2.102515e+00  -1.289254e+00  -3.409977e+00  5.877774e-01  2.694674e-01  -6.197780e-01  
3.893681e-01  -6.918554e-01  -2.918999e-01  5.305708e-01  1.295973e-01  -1.361401e-01  1.736408e+00  
3.893681e-01  7.430539e-01  3.945582e+00  -9.217781e+00  -2.348001e-01  4.235174e-01  7.547986e-02  
3.893681e-01  5.176623e+00  1.616100e+00  -5.002599e-01  2.145452e-01  -6.320184e-01  2.255519e-01  
3.893681e-01  2.902994e+00  5.654175e+00  -1.418530e+01  9.629444e-02  2.240617e-01  -2.512244e-01  
3.893681e-01  -3.010243e-01  6.555766e-01  -1.626162e-01  -6.899996e-01  -2.556691e-01  1.486612e+00  
3.893681e-01  5.585992e-01  -9.395248e-01  1.632331e+00  2.805518e-01  -6.848481e-01  1.121393e+00  
3.893681e-01  1.991439e+00  6.331821e+00  3.409568e+00  -4.011524e-01  3.116576e-01  -6.276315e-02  
3.893681e-01  4.787292e+00  -3.752125e+00  2.230487e+00  5.630677e-02  -8.882594e-01  -5.456918e-01  
3.893681e-01  -1.639341e-01  6.179851e+00  -8.850013e-01  1.547565e-01  1.444028e-01  -2.131362e-01  
3.893681e-01  8.953016e-02  6.789063e-02  -2.275555e-01  -1.403820e+00  -3.134582e-01  -9.358662e-01  
3.893681e-01  3.792507e+00  8.517177e+00  2.655448e+00  3.348046e-01  -3.173148e-01  -3.311063e-01  
3.893681e-01  -2.698875e+00  -1.110613e+00  1.007592e+01  4.548599e-01  -1.320904e-01  2.829445e-01  
3.893681e-01  5.117579e+00  -4.687053e+00  3.004070e+00  -3.147879e-01  -5.040832e-01  -7.882041e-01  
3.893681e-01  9.702936e-01  3.881677e+00  -1.389965e+00  -1.193572e-01  1.072439e+00  1.406286e-01  
3.893681e-01  2.152391e+00  7.153751e+00  -3.540089e+00  3.815972e-01  -2.152229e-01  -2.343518e-01  
3.893681e-01  -8.246276e-01  9.451519e-01  7.963918e-01  -6.975075e-02  6.166943e-01  -9.707625e-02  
3.893681e-01  -2.201379e+00  4.281399e+00  4.806287e+00  2.138855e-01  2.163600e-01  -3.080885e-01  
3.893681e-01  -9.005365e+00  8.848145e-01  -1.453481e+00  6.672949e-01  -1.824962e-01  3.665752e-01  
3.893681e-01  2.563629e+00  -2.409548e+00  -7.812477e-01  4.140365e-01  4.991823e-01  -4.990011e-01  
3.893681e-01  -8.074936e-01  -1.483840e+01  -1.787748e+00  -5.268933e-02  -1.501384e-01  1.555317e-01  
3.893681e-01  2.495622e+00  -1.390857e+00  -2.667477e+00  5.459794e-01  5.900155e-01  -3.160636e-02  
3.893681e-01  -2.193087e+00  5.759977e+00  3.078485e+00  3.154473e-01  1.627978e-01  -1.516496e-01  
3.893681e-01  -1.865516e-01  9.322823e-01  1.761202e+00  -6.262112e-01  -4.957958e-01  9.957681e-01  
3.893681e-01  -4.327900e+00  5.554946e-01  -1.752508e+00  3.350890e-02  -4.958321e-02  6.118922e-01  
3.893681e-01  -5.201683e+00  -9.580901e+00  3.588617e+00  -5.184239e-01  -2.774727e-01  -2.246291e-01  
3.893681e-01  -9.183256e+00  3.358054e+00  -5.681747e+00  -4.315468e-01  -8.662061e-02  -3.536023e-01  
3.893681e-01  8.856717e+00  2.471023e+00  -2.658233e+00  4.638630e-01  -1.454301e-02  -4.798615e-01  
3.893681e-01  -1.671263e+00  -9.895738e+00  -9.260169e+00  4.079874e-02  -1.449395e-01  -9.796687e-02  
3.893681e-01  -1.964971e+00  3.457823e-01  -6.591835e-01  -6.155962e-01  8.816521e-01  -1.774025e-01  
3.893681e-01  -1.861004e+00  -1.387395e+00  -3.260841e+00  5.818751e-01  3.049686e-01  1.082298e+00  
3.893681e-01  -1.326434e+00  -6.895598e+00  -9.129967e+00  2.765050e-01  -3.443911e-01  2.008418e-01  
3.893681e-01  3.839745e-01  2.613350e+00  -1.278489e+00  -1.004002e+00  -3.132907e-01  -2.169866e-02  
3.893681e-01  -1.608618e-01  -1.197160e+00  -5.733442e-01  1.234241e-01  -8.113643e-01  -1.632699e-01  
3.893681e-01  2.996154e+00  5.250495e+00  5.919736e+00  4.715370e-02  -2.549083e-01  -6.825629e-01  
3.893681e-01  -1.379310e-01  1.055523e+00  6.702709e-01  1.648457e-01  5.120205e-01  -5.036833e-02  
3.893681e-01  2.430135e+00  1.305791e+00  -4.179510e+00  5.388629e-01  1.684240e-01  3.499423e-01  
3.893681e-01  4.688799e+00  -1.763270e+00  5.053865e+00  -2.411712e-01  -5.313668e-01  -1.001355e-01  
3.893681e-01  -3.955913e+00  -5.611610e-01  2.394871e-01  -1.105381e+00  4.825573e-02  -6.794820e-01  
3.893681e-01  -8.181315e+00  3.763340e+00  3.710231e+00  -1.432761e-01  7.033623e-01  -1.454034e-01  
3.893681e-01  -1.939998e+00  3.770938e+00  3.211260e+00  -3.856747e-01  2.230231e-01  2.854052e-01  
3.893681e-01  -1.532978e+00  1.392373e+00  3.353170e-01  4.013490e-02  5.865862e-01  -5.341486e-02  
3.893681e-01  6.107394e-01  4.761864e-01  3.579391e-01  -1.465323e+00  7.568096e-02  2.652243e-01  
3.893681e-01  -3.476170e+00  6.080753e-01  -5.995211e+00  4.265976e-01  -3.433498e-01  1.731574e-01  
3.893681e-01  3.321091e+00  -9.990074e-01  2.863887e+00  -6.091078e-01  -1.267950e-01  -5.098517e-01  
3.893681e-01  -1.785014e+00  -7.643318e-01  -1.017346e-01  -1.986658e-02  -5.061176e-01  1.096308e+00  
3.893681e-01  5.708152e+00  -6.491127e+00  5.875010e+00  3.587994e-01  2.063682e-01  1.013381e-01  
3.893681e-01  4.452758e+00  3.162885e+00  1.482400e+00  -4.479304e-01  -2.642168e-01  5.587738e-01  
3.893681e-01  2.791103e+00  7.221573e+00  -2.431152e+00  -8.036351e-01  -6.251568e-02  1.141235e-01  
3.893681e-01  2.772017e-01  3.684382e+00  2.281096e+00  1.315841e-01  9.350563e-01  -4.747300e-01  
3.893681e-01  -6.702740e-01  -4.684869e-01  1.611804e+00  4.511246e-01  -4.611596e-02  -4.318862e-01  
3.893681e-01  -4.036153e+00  -4.535250e+00  2.066260e+00  5.100415e-01  -3.693440e-01  -3.944333e-01  
3.893681e-01  -4.248269e+00  -5.266321e-01  -4.677963e+00  8.417328e-01  2.233130e-01  -5.835824e-01  
3.893681e-01  5.879128e-01  -2.142799e+00  -5.299593e+00  -2.171494e-01  6.995384e-02  -5.162460e-01  
3.893681e-01  7.036927e-01  -9.551389e-01  -8.703810e+00  -3.548945e-01  4.989665e-01  3.297663e-01  
3.893681e-01  1.553855e+00  6.116624e-01  -1.564622e+00  5.219895e-01  -1.398404e+00  1.491059e-02  
3.893681e-01  1.209248e+00  1.251569e+00  1.670793e+00  -1.744809e-01  5.796574e-01  1.488766e-01  
3.893681e-01  1.575749e+00  -1.407420e-02  -1.185427e+00  -3.621978e-02  8.546482e-02  -4.448559e-02  
3.893681e-01  -4.361051e-01  -4.768350e+00  -4.178642e-01  3.448744e-02  3.553261e-01  -4.226533e-01  
3.893681e-01  -6.767042e-01  1.437400e+00  9.079057e-02  5.756960e-01  1.447604e+00  9.771177e-01  
3.893681e-01  2.570088e+00  4.052784e+00  -1.716710e+00  -5.407509e-01  -5.629296e-01  -7.766070e-01  
3.893681e-01  -6.079482e+00  -7.483086e+00  -3.908134e-01  -6.189130e-01  1.896089e-01  -2.815095e-02  
3.893681e-01  4.242992e+00  2.059307e+00  -3.047153e+00  -8.479064e-01  9.561258e-02  -5.568154e-01  
3.893681e-01  1.603061e+00  4.736932e+00  1.907987e+00  5.171468e-01  2.456488e-01  -6.245069e-01  
3.893681e-01  -2.019698e+00  -2.148466e+00  2.333035e+00  4.991827e-02  -8.631485e-02  5.088830e-01  
3.893681e-01  1.173964e+00  -4.458627e-01  1.138764e+00  3.631149e-01  -7.428316e-01  3.075860e-01  
3.893681e-01  4.251511e+00  -1.953939e+00  2.690991e+00  -9.247791e-02  -8.831707e-02  -4.307431e-01  
3.893681e-01  -2.196154e+00  3.783363e-01  -1.607469e+00  1.712795e-01  -2.987558e-01  -8.970633e-01  
3.893681e-01  -2.615946e+00  -2.184267e+00  -5.613589e-01  -4.650294e-02  1.810615e-01  1.326253e+00  
3.893681e-01  -2.423729e-01  5.245871e-01  1.167533e+00  -1.422991e+00  -9.294617e-01  1.188355e-02  
3.893681e-01  3.155325e+00  -1.514913e+00  -1.687105e+00  -4.541971e-03  5.444626e-02  -2.212515e-01  
3.893681e-01  6.093336e+00  1.523935e-01  -2.166853e+00  4.932878e-01  1.039001e-01  9.377611e-02  
3.893681e-01  5.814346e+00  -7.128195e+00  2.984639e+00  -5.592300e-01  -3.418660e-01  2.277618e-01  
3.893681e-01  -3.322197e+00  -1.181991e+00  1.130903e+01  1.914322e-01  -3.908355e-01  2.335272e-01  
3.893681e-01  -3.370934e+00  -9.006044e+00  8.044657e+00  9.012972e-02  4.028452e-01  3.227611e-01  
3.893681e-01  6.382390e+00  5.783675e+00  7.528125e+00  2.761370e-01  1.190101e-01  1.886402e-01  
3.893681e-01  5.372759e+00  -2.423715e+00  1.045046e+00  9.215518e-01  2.127164e-01  -1.803486e-01  
3.893681e-01  -2.974062e+00  1.519296e-01  2.131770e+00  -1.800513e-01  -5.762909e-01  3.518025e-01  
3.893681e-01  -1.416993e+00  2.147432e+00  6.597255e+00  2.812632e-02  -3.096275e-01  3.091068e-01  
3.893681e-01  -8.561676e+00  1.835264e+00  6.911712e-01  6.078676e-02  4.593494e-01  -6.720499e-01  
3.893681e-01  1.510619e-01  -1.037818e+00  -4.729182e-02  5.403009e-01  5.138570e-01  3.716612e-01  
3.893681e-01  -1.101486e+01  5.313573e-01  5.132594e-01  2.087606e-01  -8.424218e-02  2.797508e-01  
3.893681e-01  3.005595e+00  5.650657e-01  -1.309382e+00  -7.508868e-01  7.877080e-01  1.181226e-01  
3.893681e-01  -6.514246e+00  -2.151846e+00  3.641043e+00  -6.527031e-02  2.787974e-01  4.473033e-01  
3.893681e-01  -4.278073e-01  1.623908e+00  7.022889e-01  -4.774605e-02  2.972794e-01  3.697947e-01  
3.893681e-01  1.841727e-02  -2.873282e-01  1.847107e+00  -3.863537e-01  5.327888e-02  -8.985892e-03  
3.893681e-01  1.724872e+00  9.831950e+00  -4.950768e+00  2.716731e-02  1.122832e-01  -2.356665e-01  
3.893681e-01  -1.449587e+00  -9.918981e+00  2.752606e+00  -2.900024e-01  1.654780e-01  5.135661e-01  
3.893681e-01  9.160516e-01  4.519536e-01  1.280607e+00  5.936010e-01  5.420541e-01  -1.256418e-01  
3.893681e-01  -3.020745e-01  4.071054e-01  2.290422e-01  4.570693e-01  -1.821055e+00  -8.339721e-01  
3.893681e-01  -3.676069e+00  4.348610e+00  9.796156e-01  1.163552e-01  2.602149e-02  4.942007e-04  
3.893681e-01  4.715199e-01  2.369798e+00  -1.528042e-02  3.167524e-01  1.566751e-01  7.804836e-01  
3.893681e-01  -1.356972e+00  3.742251e-01  1.109655e+00  -5.543341e-02  -2.159689e-01  1.041509e+00  
3.893681e-01  9.231593e-01  4.649063e-01  -5.736576e-01  -1.015931e+00  -8.995987e-02  -1.970599e-01  
3.893681e-01  -6.440786e-01  1.079593e+00  1.604147e+00  1.553393e-01  -8.082961e-01  1.171578e+00  
3.893681e-01  -8.821512e+00  4.335484e+00  6.771225e-01  -4.726347e-01  -2.523856e-01  6.256305e-02  
3.893681e-01  -2.618630e+00  -1.672639e+00  -1.973289e+00  -8.993012e-01  2.805661e-01  2.399950e-01  
3.893681e-01  4.364801e+00  4.386476e+00  -2.282638e+00  3.769655e-02  -4.063535e-02  1.747379e-01  
3.893681e-01  -1.377541e+00  -1.644913e+00  4.246036e+00  2.070334e-02  -4.477848e-01  1.345811e-01  
3.893681e-01  5.384283e+00  7.864541e+00  7.798708e+00  -2.316977e-01  -6.678133e-02  7.250730e-02  
3.893681e-01  2.373060e-01  7.132344e+00  -2.558278e-01  -3.861966e-01  6.321345e-01  5.783083e-02  
3.893681e-01  -1.092005e+00  -1.155979e-01  -3.172169e+00  3.186214e-01  -7.975506e-02  -3.342450e-01  
3.893681e-01  -6.041616e-01  3.370679e+00  1.637811e+00  -1.033775e+00  3.770141e-01  9.430657e-02  
3.893681e-01  -2.737704e-01  -3.572176e+00  -3.077355e+00  -6.831277e-01  3.649490e-01  7.978041e-01  
3.893681e-01  6.897603e+00  -1.409615e+00  7.353748e-01  -1.632852e-01  -2.246663e-01  2.186372e-02  
3.893681e-01  1.578749e+00  -2.052261e+00  -2.746840e-01  2.699260e-01  4.051696e-01  -8.027004e-01  
3.893681e-01  4.068060e+00  -6.049466e+00  -1.614484e-01  3.805217e-01  -9.059595e-01  -2.280966e-01  
3.893681e-01  -1.830420e+00  -5.802484e+00  7.578594e+00  -3.386403e-01  -4.780563e-01  -2.973351e-01  
3.893681e-01  1.911021e+00  2.282818e+00  9.657088e-01  6.232318e-01  -3.539581e-01  3.521065e-01  
3.893681e-01  -4.310681e+00  2.871242e+00  2.392584e-01  6.232855e-01  -1.550456e-01  2.380290e-01  
3.893681e-01  1.374856e-01  3.989136e+00  -4.090168e+00  4.243911e-01  -4.577054e-01  2.992235e-01  
3.893681e-01  7.957228e-01  -2.920123e+00  5.168695e-01  1.446060e+00  -4.307806e-01  -3.640899e-01  
3.893681e-01  -4.624121e+00  8.658882e-01  1.528873e+00  -8.959487e-03  3.680320e-01  -3.962336e-01  
3.893681e-01  1.028891e+00  5.951038e+00  1.151753e+00  3.759615e-01  2.552959e-01  -1.509612e-01  
3.893681e-01  9.791796e-01  -7.422737e+00  -2.127406e+00  3.326250e-01  3.464578e-01  -5.422294e-02  
3.893681e-01  1.886730e+00  2.277026e+00  -5.795010e-01  -6.888097e-01  3.056360e-01  3.381323e-01  
3.893681e-01  -3.765706e+00  2.512126e-01  5.526776e+00  4.099899e-01  -1.688857e-01  2.667861e-01  
3.893681e-01  -4.352237e+00  -4.775430e-01  -3.554031e+00  1.055218e+00  -3.226647e-01  3.871674e-01  
3.893681e-01  -4.723001e-01  -2.165900e-01  1.763328e+00  4.277479e-01  6.021036e-01  -7.541904e-01  
3.893681e-01  9.943297e-01  3.511271e+00  1.322677e+00  -3.962103e-01  6.927488e-01  2.629901e-02  
3.893681e-01  3.114691e-01  -7.777691e-01  1.985365e+00  1.433169e-01  1.070977e+00  5.094259e-01  
3.893681e-01  -5.661530e-01  1.564972e+00  -3.502604e-01  -1.101894e-01  -1.167814e+00  3.042667e-01  
3.893681e-01  1.578299e+00  2.753785e+00  1.534409e+00  6.236793e-01  1.891284e-01  -1.997068e-01  
3.893681e-01  -1.030282e+00  -1.598839e-01  -1.276639e+00  -3.991104e-01  3.395925e-01  -3.491062e-01  
3.893681e-01  -1.982492e+00  -2.175965e+00  -1.728604e+00  5.986021e-01  4.112236e-01  7.243267e-01  
3.893681e-01  3.005856e+00  -2.434403e-02  -2.383522e+00  4.953378e-01  -1.396430e-01  2.443700e-01  
3.893681e-01  3.494569e+00  1.922318e-02  6.163550e+00  5.575551e-02  -7.395678e-01  -1.609067e-01  
3.893681e-01  -3.063701e+00  4.908796e+00  -2.761603e-01  -3.454297e-01  -2.180699e-01  8.866475e-01  
3.893681e-01  -5.780972e+00  -4.105730e+00  2.652119e+00  3.733752e-02  1.452082e-01  -3.598436e-02  
3.893681e-01  1.247491e+00  2.259220e+00  -5.953530e-01  -6.187246e-02  1.645124e-01  9.053137e-01  
3.893681e-01  -5.314154e+00  1.474445e+01  4.692057e+00  1.323456e-01  -1.676617e-01  -2.385119e-01  
3.893681e-01  9.530395e-01  2.920238e-01  -7.559190e-01  -2.703153e-02  -3.797510e-01  -1.393609e+00  
3.893681e-01  2.192843e+00  -8.041272e+00  -7.848357e+00  6.957528e-02  -2.643557e-01  -2.748227e-01  
3.893681e-01  1.029766e+00  2.100955e+00  -1.420558e+00  4.607272e-01  2.789917e-01  1.767817e-01  
3.893681e-01  2.923925e+00  -2.352044e+00  5.894026e-01  -3.975889e-01  -5.281045e-01  1.757146e-01  
3.893681e-01  6.015543e-01  -6.107100e-01  -8.390261e-01  -2.630419e-02  -1.233310e-01  -1.125001e+00  
3.893681e-01  -4.453301e-01  -3.026977e+00  -1.822386e+00  -3.559044e-01  1.068673e+00  -5.560533e-01  
3.893681e-01  -5.392247e+00  -8.284147e+00  -1.410501e+01  -9.671084e-02  -3.144296e-02  -2.326205e-03  
3.893681e-01  -1.036480e-01  -6.767421e-02  -3.686679e+00  -2.733014e-01  5.275032e-01  8.395937e-01  
3.893681e-01  -1.373990e+00  5.557698e-01  2.263169e-01  2.681705e-02  -1.486357e+00  -5.657046e-01  
3.893681e-01  1.146358e+00  1.338425e+00  -2.454328e-01  1.429914e+00  -8.008165e-01  1.200162e-02  
3.893681e-01  2.765207e-02  4.853149e+00  -7.291588e-01  1.480217e-01  -7.789354e-01  -2.986263e-01  
3.893681e-01  3.789370e+00  1.396318e+00  -2.329029e+00  -3.092031e-01  -5.285011e-01  2.755447e-01  
3.893681e-01  3.672652e-02  1.458786e+00  5.902240e+00  5.006921e-02  -1.791339e-01  1.823922e-01  
3.893681e-01  -1.700444e+00  -1.736997e+00  -1.369447e+01  -2.017057e-01  1.662918e-01  -2.237711e-01  
3.893681e-01  -6.264507e-01  -3.751364e-01  -8.693745e-01  -7.242742e-01  -1.175808e+00  -4.162641e-01  
3.893681e-01  1.354629e+00  -8.483723e+00  -7.648346e+00  -1.493427e-01  -2.982298e-01  3.344871e-03  
3.893681e-01  -1.026432e+00  -1.822003e+00  1.276713e+00  -5.738027e-01  8.508276e-01  -4.092940e-01  
3.893681e-01  3.290888e-01  -3.353563e+00  -6.095327e-01  5.404153e-01  3.709161e-01  7.492183e-02  
3.893681e-01  3.169694e+00  -4.436264e+00  3.574780e+00  -1.307904e-01  1.963621e-02  2.021736e-01  
3.893681e-01  -1.315787e+01  -4.170536e+00  -7.327101e+00  -1.631056e-01  5.832461e-02  1.918661e-02  
3.893681e-01  6.561197e+00  -2.312791e+00  -1.653003e+00  -5.240267e-01  7.985671e-03  1.265927e-01  
3.893681e-01  -1.666537e+00  2.874283e-01  -2.067289e+00  8.529686e-01  9.815986e-02  -8.556358e-01  
3.893681e-01  5.906164e+00  3.643954e+00  -5.332393e+00  5.783534e-01  -2.760471e-01  -2.557693e-01  
3.893681e-01  -5.084549e-01  3.030640e-01  -3.925369e+00  3.420384e-01  6.354966e-01  -6.597811e-01  
3.893681e-01  3.690445e-01  2.307172e+00  -8.058239e-01  9.150231e-02  4.539434e-01  9.862300e-01  
3.893681e-01  -3.651915e-01  5.478765e-01  1.002638e+00  -6.481288e-01  -9.420616e-01  -3.308562e-02  
3.893681e-01  6.383806e+00  1.793082e+00  -3.515646e+00  5.265209e-01  -1.691549e-01  -2.397229e-01  
3.893681e-01  2.718301e+00  -2.173163e+00  9.908609e+00  3.851263e-01  -2.838745e-01  -4.637249e-01  
3.893681e-01  1.852427e+00  -4.758881e-02  2.990008e+00  1.035482e+00  1.724002e-01  3.439331e-01  
3.893681e-01  -5.247584e+00  -2.992167e+00  9.766638e+00  7.094546e-02  -2.755354e-01  5.162059e-01  
3.893681e-01  9.743259e-01  2.351939e+00  7.577864e-01  3.110742e-01  1.061602e+00  3.774672e-01  
3.893681e-01  6.209832e-01  9.098190e+00  -3.461961e+00  6.731776e-03  -2.317564e-01  5.255030e-01  
3.893681e-01  1.192829e+00  2.215677e+00  7.397606e-01  3.041313e-01  2.424641e-01  1.378596e-01  
3.893681e-01  7.388910e+00  5.111499e+00  5.585155e+00  1.040548e-01  9.642437e-02  -1.547153e-01  
3.893681e-01  -4.288135e+00  1.298286e-01  1.806905e+00  7.371941e-01  3.970970e-01  6.649799e-01  
3.893681e-01  2.536856e+00  8.092312e-01  9.870223e-01  5.014825e-01  4.145811e-01  -2.364368e-01  
3.893681e-01  2.053834e+00  2.543190e+00  -1.868970e+00  -6.394383e-01  6.435888e-01  -1.448650e-01  
3.893681e-01  -2.813896e+00  8.605052e-01  -4.134063e+00  2.837191e-01  5.773211e-01  -3.582051e-01  
3.893681e-01  -1.873162e+00  8.173957e-02  4.229114e+00  -4.914036e-02  8.339049e-01  -4.694118e-01  
3.893681e-01  -9.786565e+00  -5.917666e+00  -3.351912e+00  -3.025265e-01  3.467978e-01  -2.053515e-01  
3.893681e-01  2.357093e+00  2.220485e+00  7.377651e+00  4.528385e-01  8.974060e-02  -9.668656e-02  
3.893681e-01  9.087858e-01  -1.022355e-01  -1.201807e+00  -4.346691e-03  5.699000e-01  1.936989e-01  
3.893681e-01  8.123254e-02  -1.980032e+00  7.092772e-01  -9.433800e-01  5.533696e-01  1.577507e-01  
3.893681e-01  -2.022904e-01  6.424586e-01  3.351988e+00  2.333237e-01  2.695587e-01  -7.262580e-01  
3.893681e-01  1.376569e+00  -1.489616e+00  3.571056e-01  -3.232892e-01  3.914227e-02  -5.075190e-01  
3.893681e-01  -3.527359e+00  -4.970815e+00  3.094363e+00  2.930354e-02  -1.003879e+00  2.320303e-01  
3.893681e-01  5.720708e-01  -1.634838e-01  -2.942234e-02  -2.346797e-01  -1.171528e+00  1.274671e+00  
3.893681e-01  1.299332e+00  1.266481e+00  1.023518e+00  -1.014946e+00  -3.521337e-01  6.077189e-01  
3.893681e-01  5.300453e-02  1.191072e+00  1.045370e+00  5.395918e-01  -1.730370e-01  1.588759e-01  
3.893681e-01  1.730343e+00  5.708144e-01  -4.691396e-01  -1.389581e+00  6.462686e-01  -3.493763e-01  
3.893681e-01  -6.449415e-01  -1.047787e+00  -1.551600e+00  2.506647e-01  2.880510e-01  3.632443e-01  
3.893681e-01  -2.328868e+00  2.237408e+00  -1.520832e+00  6.082669e-01  -2.890938e-01  4.889782e-01  
3.893681e-01  8.624734e-01  -1.833880e-01  -2.427632e-01  4.676049e-01  -1.033121e+00  -9.762253e-02  
3.893681e-01  1.340724e+00  1.506173e+00  -1.933779e+00  -1.048278e-01  -3.647025e-01  -3.079253e-01  
3.893681e-01  -6.389641e-01  2.740885e+00  -3.479085e+00  3.898824e-01  -2.823811e-01  -2.196964e-01  
3.893681e-01  7.391519e+00  -8.172662e+00  6.351577e+00  3.625829e-01  1.162640e-02  1.821775e-01  
3.893681e-01  -7.677394e+00  -7.161694e+00  5.723048e+00  1.382759e-01  1.284971e-02  -2.184106e-01  
3.893681e-01  1.086525e+00  -3.138993e-01  2.432846e+00  -7.097225e-01  -1.422610e-01  -2.569812e-01  
3.893681e-01  8.992004e+00  -6.627813e+00  -1.403385e+00  -8.199538e-02  -1.504701e-01  2.402234e-01  
3.893681e-01  1.950044e+00  3.421164e+00  -5.939315e+00  -1.521585e-01  4.587377e-01  -3.313173e-01  
3.893681e-01  -3.958627e+00  -8.493101e-01  -4.288367e+00  3.760697e-01  4.740684e-02  -5.875072e-01  
3.893681e-01  -4.945375e+00  2.317769e+00  2.126721e+00  6.431179e-01  -2.398366e-01  -5.845237e-01  
3.893681e-01  3.055408e+00  -8.270251e-01  -1.993216e+00  -3.809573e-01  -1.364793e-02  3.542173e-01  
3.893681e-01  1.381527e+00  1.216561e-01  1.286428e+00  4.389376e-01  -7.075428e-01  4.119585e-01  
3.893681e-01  -1.437380e+00  2.558809e+00  -3.911761e+00  -5.072717e-02  -9.942653e-02  9.273679e-01  
3.893681e-01  1.326750e+00  -2.406419e+00  -1.510579e+00  4.438578e-01  -3.440559e-01  9.175721e-01  
3.893681e-01  2.674847e+00  1.958228e+00  -4.763790e+00  2.996180e-01  -2.987620e-01  -2.488714e-01  
3.893681e-01  7.933480e-01  1.039250e+01  4.067112e-01  2.833151e-01  -1.956275e-01  -2.093425e-01  
3.893681e-01  4.796270e+00  -8.636166e-01  -4.487402e+00  -1.099055e-01  -2.142603e-02  3.546276e-01  
3.893681e-01  5.958570e+00  2.037520e+00  -1.396619e+00  4.314786e-01  4.597955e-01  -3.602158e-01  
3.893681e-01  2.614792e-01  1.873668e+00  -9.881927e-01  -1.030506e+00  -9.374336e-02  -5.217402e-01  
3.893681e-01  4.564617e+00  2.251427e+00  1.081002e+01  4.078621e-02  2.766538e-01  1.646532e-01  
3.893681e-01  5.061581e-02  -2.893802e+00  -3.026994e-01  -2.118238e-01  -9.019043e-01  -5.490960e-01  
3.893681e-01  2.418975e+00  -1.554357e+00  1.272925e+00  -1.297485e-01  -4.414834e-01  -6.315256e-01  
3.893681e-01  -7.443294e-01  -2.937219e+00  -5.171011e+00  -2.156788e-01  6.360450e-01  -2.240080e-01  
3.893681e-01  2.775808e+00  4.936922e+00  6.037280e-03  6.473904e-01  8.234938e-03  4.179024e-02  
3.893681e-01  -3.152948e+00  -9.565096e-01  -6.232302e+00  -2.404850e-01  -6.531587e-01  1.641621e-01  
3.893681e-01  8.140393e-01  2.046589e+00  -1.001411e+00  6.936474e-01  6.515375e-01  1.212250e-01  
3.893681e-01  6.183319e-01  -6.919330e-01  7.007107e+00  -4.857936e-01  -3.431299e-01  2.095134e-01  
3.893681e-01  -3.313959e-01  -2.193369e-01  -9.684874e-01  -5.580870e-01  1.949799e-01  -1.546021e-01  
3.893681e-01  -4.928407e+00  -2.239847e-01  6.434554e+00  -1.242441e-01  1.355648e-01  6.736745e-01  
3.893681e-01  3.406434e-01  3.552315e+00  5.971510e+00  -4.451835e-01  7.289054e-01  2.284634e-02  
3.893681e-01  -3.524694e+00  1.650007e+00  2.237230e+00  1.618726e-01  -3.102088e-01  -7.392244e-01  
3.893681e-01  -5.925035e-01  1.813161e+00  -1.559913e+00  7.468036e-01  -3.064656e-01  -3.410365e-01  
3.893681e-01  9.301686e-01  -1.739279e+00  1.510411e+00  4.768337e-01  -7.726970e-02  7.926013e-02  
3.893681e-01  6.527156e-01  -1.559147e+00  -1.447299e-02  -1.766849e-01  -1.948726e-02  -5.717858e-01  
3.893681e-01  2.906669e+00  7.434094e-01  3.330442e-01  8.463677e-01  7.142735e-01  -1.826802e-01  
3.893681e-01  2.046991e+00  -4.728458e+00  -1.478692e+01  5.371323e-02  1.807604e-01  2.685772e-01  
3.893681e-01  -1.505840e+00  -7.749462e-01  -2.800701e-01  1.591080e-01  -4.689391e-01  -1.220221e+00  
3.893681e-01  -1.556579e+00  -1.513228e-01  3.808729e+00  7.210213e-02  7.958578e-03  -5.605432e-01  
3.893681e-01  -6.874657e-01  -2.591372e+00  -1.411154e+00  -4.401676e-01  6.411247e-01  2.147210e-01  
3.893681e-01  -3.352981e+00  3.309448e+00  -1.881621e+00  -9.084014e-02  -7.571402e-01  -1.462674e-01  
3.893681e-01  3.462421e+00  -1.155471e+01  -5.721463e+00  5.171532e-01  1.300645e-02  -6.755188e-02  
3.893681e-01  -4.679827e+00  -4.680800e+00  2.079601e+00  -3.745796e-02  2.097162e-01  5.663849e-02  
3.893681e-01  3.457129e-01  1.987280e-01  -6.957123e+00  1.003180e-01  -3.177473e-01  5.630405e-01  
3.893681e-01  5.450151e+00  5.981638e+00  2.258717e+00  2.383463e-01  -1.490011e-01  7.910172e-01  
3.893681e-01  -1.817449e+00  -1.414513e+00  -2.745958e-01  4.251096e-01  -1.879608e-01  -1.230482e+00  
3.893681e-01  3.312097e+00  -2.152371e+00  5.350438e+00  1.808754e-01  1.676576e-01  -1.545310e-01  
3.893681e-01  -8.214502e-01  2.153591e-01  -6.180254e+00  -8.943325e-01  1.158373e-02  -2.788892e-01  
3.893681e-01  1.397822e+00  -7.276162e-01  2.207253e+00  9.491324e-01  -8.361258e-01  -8.044412e-01  
3.893681e-01  -2.391966e+00  1.428236e+00  1.079674e+00  1.536320e-01  -1.137360e-01  -7.381765e-01  
3.893681e-01  8.096704e-01  -2.367332e+00  -6.420088e-01  4.764064e-01  -3.733792e-01  -2.034035e-01  
3.893681e-01  -2.300232e+00  7.408357e-01  1.290705e+00  -5.901664e-01  1.238924e+00  2.969900e-01  
3.893681e-01  -1.361567e+00  5.132417e+00  3.757816e+00  6.499630e-01  -3.114466e-01  -3.751835e-01  
3.893681e-01  1.631685e+00  3.806984e+00  3.334881e-01  -7.918272e-01  6.416207e-01  4.592865e-01  
3.893681e-01  -5.696298e+00  4.774840e-01  2.586753e-01  4.165908e-02  -4.173816e-01  4.117733e-01  
1.500000e-01  -1.011493e+01  9.993132e+00  2.019374e+01  1.044360e+00  -1.034615e+00  -2.342924e+00  
3.000000e-01  -9.886415e+00  1.023750e+01  2.048207e+01  1.019657e+00  -1.048702e+00  -2.311584e+00  
4.500000e-01  -1.004814e+01  1.011446e+01  2.074290e+01  1.017909e+00  -1.038453e+00  -2.307560e+00  
9.000000e-01  -9.952180e+00  9.415957e+00  2.094496e+01  1.064117e+00  -1.044363e+00  -2.304846e+00  
6.000000e-01  -9.421153e+00  1.000394e+01  2.029093e+01  1.048538e+00  -1.061581e+00  -2.294467e+00  
5.000000e-01  -9.615489e+00  9.847998e+00  2.052250e+01  1.057541e+00  -1.061653e+00  -2.320302e+00  
8.000000e-01  -9.935266e+00  9.313898e+00  2.062496e+01  1.045426e+00  -1.039830e+00  -2.319064e+00  
5.000000e-01  -9.726919e+00  9.912799e+00  2.068461e+01  1.032051e+00  -1.046756e+00  -2.309041e+00  
9.000000e-01  -1.010522e+01  1.020502e+01  1.941937e+01  1.044112e+00  -1.051033e+00  -2.326133e+00  
8.000000e-01  -9.220013e+00  1.003989e+01  2.030448e+01  1.020036e+00  -1.043142e+00  -2.328656e+00  
9.000000e-01  -9.901803e+00  1.051698e+01  1.954600e+01  1.037860e+00  -1.044568e+00  -2.330617e+00  
1.000000e+00  -1.076454e+01  9.399324e+00  2.011238e+01  1.042220e+00  -1.055625e+00  -2.308571e+00  
5.500000e-01  -9.590726e+00  9.747037e+00  2.012001e+01  1.024038e+00  -1.055259e+00  -2.314491e+00  
6.000000e-01  -1.039712e+01  1.016288e+01  2.075020e+01  1.020948e+00  -1.046846e+00  -2.330903e+00  
4.000000e-01  -1.003213e+01  9.838185e+00  2.064514e+01  1.035919e+00  -1.044066e+00  -2.292096e+00  
3.500000e-01  -9.993300e+00  1.037760e+01  2.021162e+01  1.025759e+00  -1.041566e+00  -2.306872e+00  
4.500000e-01  -9.576641e+00  9.966704e+00  2.032367e+01  1.039492e+00  -1.032474e+00  -2.321762e+00  
4.000000e-01  -1.041878e+01  1.001752e+01  2.027830e+01  1.061495e+00  -1.077499e+00  -2.305277e+00  
5.500000e-01  -9.490459e+00  9.988018e+00  2.016077e+01  1.043738e+00  -1.037647e+00  -2.303991e+00  
5.500000e-01  -9.977663e+00  1.032686e+01  1.983265e+01  1.056044e+00  -1.046681e+00  -2.324399e+00  
