 1.499250e-03  -6.779270e-01   3.192450e+00   0.000000e+00   0.000000e+00  -4.104300e-01   0.000000e+00  
 1.499250e-03  -3.275910e+00  -1.086720e+00   0.000000e+00  -1.038010e-02  -2.994100e-02   0.000000e+00  
 1.499250e-03   2.589960e+00   9.443870e-01   0.000000e+00   2.873430e-02  -2.416840e-01   0.000000e+00  
 1.499250e-03  -1.962410e+00  -2.164860e+00   0.000000e+00   1.136380e-01  -2.500000e-02   0.000000e+00  
 1.499250e-03  -2.129980e+00   8.126650e-01   0.000000e+00  -9.063680e-02   1.751540e-01   0.000000e+00  
 1.499250e-03   3.619300e-01   6.928040e-01   0.000000e+00  -6.500830e-02  -7.951880e-02   0.000000e+00  
 1.499250e-03   2.582420e+00  -2.622320e+00   0.000000e+00   2.037230e-02   7.308990e-02   0.000000e+00  
 1.499250e-03   3.529040e+00  -1.059810e+00   0.000000e+00  -1.750900e-01   6.979100e-02   0.000000e+00  
 1.499250e-03   1.190090e+00  -6.144270e-01   0.000000e+00   1.359990e-01   1.422820e-01   0.000000e+00  
 1.499250e-03   1.767170e+00  -2.414460e+00   0.000000e+00  -2.822800e-01   1.922730e-03   0.000000e+00  
 1.499250e-03  -6.893450e-01  -2.555080e+00   0.000000e+00  -2.528130e-01   3.402860e-01   0.000000e+00  
 1.499250e-03  -3.150160e-03  -4.530320e-01   0.000000e+00  -2.068110e-01   3.847530e-01   0.000000e+00  
 1.499250e-03   1.679240e+00   1.080690e+00   0.000000e+00  -3.415770e-02  -4.199670e-01   0.000000e+00  
 1.499250e-03   1.601040e+00   2.330920e+00   0.000000e+00  -9.650150e-02  -4.052100e-04   0.000000e+00  
 1.499250e-03   1.567110e-01  -9.197070e-01   0.000000e+00   7.050450e-02   3.487620e-01   0.000000e+00  
 1.499250e-03  -2.646970e+00   1.384820e+00   0.000000e+00  -7.890610e-02  -2.793340e-01   0.000000e+00  
 1.499250e-03   8.931520e-01  -7.000860e-01   0.000000e+00   5.613770e-02   2.345670e-01   0.000000e+00  
 1.499250e-03  -2.793190e+00   7.105420e-01   0.000000e+00   2.535970e-01   2.043450e-01   0.000000e+00  
 1.499250e-03   2.305400e+00   1.894590e+00   0.000000e+00   3.342510e-01   5.629360e-02   0.000000e+00  
 1.499250e-03   1.014480e+00  -1.339480e+00   0.000000e+00   4.256110e-02   1.266290e-01   0.000000e+00  
 1.499250e-03   4.717360e-01   1.774790e-01   0.000000e+00   1.521940e-01   4.383020e-01   0.000000e+00  
 1.499250e-03  -5.286890e-02  -3.863230e-01   0.000000e+00   2.043180e-01  -8.842340e-03   0.000000e+00  
 1.499250e-03  -1.794020e+00  -1.635800e+00   0.000000e+00   1.241250e-01  -4.400690e-01   0.000000e+00  
 1.499250e-03  -1.546130e+00  -2.618820e+00   0.000000e+00  -9.272260e-02   2.521130e-02   0.000000e+00  
 1.499250e-03   2.400240e+00  -1.687360e-01   0.000000e+00  -1.719970e-01  -1.916920e-02   0.000000e+00  
 1.499250e-03   1.083300e+00   1.558930e-01   0.000000e+00  -1.644740e-01   3.767820e-01   0.000000e+00  
 1.499250e-03  -7.630260e-01   4.383820e-01   0.000000e+00  -1.457530e-01  -4.717440e-01   0.000000e+00  
 1.499250e-03   4.322440e-01   2.730540e+00   0.000000e+00   6.029590e-02  -1.321900e-02   0.000000e+00  
 1.499250e-03   5.590820e-02   3.266740e-01   0.000000e+00  -2.308080e-01  -2.646420e-01   0.000000e+00  
 1.499250e-03  -2.250720e+00   8.683300e-01   0.000000e+00  -3.505200e-01  -5.216050e-02   0.000000e+00  
 1.499250e-03  -5.765260e-01   1.554410e+00   0.000000e+00   1.299290e-01  -2.169720e-01   0.000000e+00  
 1.499250e-03  -6.531900e-01   4.924810e-01   0.000000e+00  -1.042420e-01   3.921590e-01   0.000000e+00  
 1.499250e-03  -2.610470e+00  -2.180920e+00   0.000000e+00   3.711270e-01  -1.004840e-01   0.000000e+00  
 1.499250e-03   1.762150e+00   1.955480e+00   0.000000e+00   2.667770e-01   2.683420e-02   0.000000e+00  
 1.499250e-03  -2.802260e-01   3.331380e-01   0.000000e+00   4.367890e-01   1.422610e-01   0.000000e+00  
 1.499250e-03   1.814470e-01   1.823780e+00   0.000000e+00   1.586700e-01   9.001300e-02   0.000000e+00  
 1.499250e-03   2.212950e+00  -1.354390e+00   0.000000e+00   2.642560e-01   2.871450e-01   0.000000e+00  
 1.499250e-03   3.514310e-01  -3.453970e+00   0.000000e+00   3.453840e-01   1.199170e-01   0.000000e+00  
 1.499250e-03  -3.279720e+00  -1.207640e+00   0.000000e+00  -1.426290e-01   3.787030e-01   0.000000e+00  
 1.499250e-03  -2.281010e+00  -5.434470e-01   0.000000e+00   1.093160e-01   4.348920e-01   0.000000e+00  
 1.499250e-03  -1.195380e-01  -3.805920e+00   0.000000e+00   4.340860e-01  -6.012990e-02   0.000000e+00  
 1.499250e-03  -1.371850e+00   9.226800e-01   0.000000e+00  -3.248450e-01   1.011520e-01   0.000000e+00  
 1.499250e-03   1.682480e+00  -1.059650e+00   0.000000e+00   2.961600e-01   1.656220e-01   0.000000e+00  
 1.499250e-03   2.021420e+00  -5.777440e-01   0.000000e+00  -3.138490e-01   3.498070e-01   0.000000e+00  
 1.499250e-03  -2.729300e+00   2.370420e+00   0.000000e+00   1.560570e-01  -3.912530e-02   0.000000e+00  
 1.499250e-03   1.266850e+00   1.923700e+00   0.000000e+00  -2.270320e-01  -5.957870e-02   0.000000e+00  
 1.499250e-03   2.110910e+00  -1.319220e+00   0.000000e+00   8.853260e-02  -3.212220e-01   0.000000e+00  
 1.499250e-03  -3.472600e-01   2.178940e+00   0.000000e+00  -2.879120e-01   3.298620e-01   0.000000e+00  
 1.499250e-03   2.304980e+00   1.551690e+00   0.000000e+00   7.372980e-02  -5.969490e-02   0.000000e+00  
 1.499250e-03   2.441220e+00  -3.122530e-01   0.000000e+00   4.377140e-01   1.827720e-01   0.000000e+00  
 1.499250e-03   2.766130e-02   4.834020e-02   0.000000e+00  -2.481420e-01   6.698040e-01   0.000000e+00  
 1.499250e-03   3.541400e-01   5.100830e-01   0.000000e+00  -1.806610e-01  -1.638120e-01   0.000000e+00  
 1.499250e-03  -6.005590e-01  -1.541930e+00   0.000000e+00  -3.934000e-01  -9.931790e-02   0.000000e+00  
 1.499250e-03  -2.384610e+00   2.772200e+00   0.000000e+00  -1.595630e-01   2.725540e-01   0.000000e+00  
 1.499250e-03   9.928790e-01   1.803580e+00   0.000000e+00  -2.944110e-01   2.115620e-01   0.000000e+00  
 1.499250e-03  -3.657050e-01   3.092150e+00   0.000000e+00   3.480710e-02  -4.944130e-01   0.000000e+00  
 1.499250e-03  -6.247920e-01  -1.127350e+00   0.000000e+00  -8.530220e-03   7.786720e-01   0.000000e+00  
 1.499250e-03   1.704340e+00  -1.328320e-01   0.000000e+00   4.025920e-01  -5.468380e-01   0.000000e+00  
 1.499250e-03   2.077060e+00  -4.649490e-01   0.000000e+00   4.210730e-01   1.305880e-01   0.000000e+00  
 1.499250e-03  -1.881490e+00  -3.229960e+00   0.000000e+00   3.489960e-02  -3.477000e-01   0.000000e+00  
 1.499250e-03  -1.225250e+00   2.053550e+00   0.000000e+00   3.199320e-01   4.107150e-02   0.000000e+00  
 1.499250e-03  -1.247110e+00  -1.730370e+00   0.000000e+00  -1.690370e-01   1.228210e-01   0.000000e+00  
 1.499250e-03   7.273360e-01   1.493990e+00   0.000000e+00  -2.682350e-01  -1.967230e-01   0.000000e+00  
 1.499250e-03  -1.660490e+00  -1.209000e+00   0.000000e+00  -6.794210e-02  -4.620430e-01   0.000000e+00  
 1.499250e-03   9.923250e-01  -2.037380e+00   0.000000e+00  -2.278000e-01   1.948110e-02   0.000000e+00  
 1.499250e-03   8.504050e-01   3.162650e+00   0.000000e+00   1.656990e-01  -1.913320e-01   0.000000e+00  
 1.499250e-03  -2.945390e+00   7.162870e-01   0.000000e+00  -4.641960e-02   1.230880e-01   0.000000e+00  
 1.499250e-03   2.067810e+00  -1.166560e+00   0.000000e+00   5.487990e-02   1.524610e-01   0.000000e+00  
 1.499250e-03   2.780320e+00   8.490310e-01   0.000000e+00   2.213620e-01  -1.395990e-01   0.000000e+00  
 1.499250e-03  -2.956820e-01  -3.147210e+00   0.000000e+00   8.922900e-02   2.096310e-01   0.000000e+00  
 1.499250e-03   2.533220e+00   4.396200e-02   0.000000e+00   5.649690e-02  -9.671970e-02   0.000000e+00  
 1.499250e-03  -2.875580e-01   1.814640e+00   0.000000e+00   3.695450e-01   3.248170e-01   0.000000e+00  
 1.499250e-03  -3.346080e+00  -9.074800e-02   0.000000e+00  -2.857870e-02  -1.903780e-01   0.000000e+00  
 1.499250e-03  -1.842750e+00  -3.502630e+00   0.000000e+00   5.541160e-02   1.799240e-02   0.000000e+00  
 1.499250e-03  -2.490930e+00  -5.244120e-01   0.000000e+00   1.029970e-01  -2.728510e-01   0.000000e+00  
 1.499250e-03  -4.771930e-01   2.584730e-01   0.000000e+00  -4.947470e-01   1.473910e-01   0.000000e+00  
 1.499250e-03   1.217620e+00   1.785150e+00   0.000000e+00   4.274030e-01  -5.342420e-02   0.000000e+00  
 1.499250e-03  -1.067230e+00   1.792550e+00   0.000000e+00   3.930600e-01  -1.356980e-01   0.000000e+00  
 1.499250e-03  -2.263280e+00  -3.109070e+00   0.000000e+00   4.765490e-02   2.962560e-01   0.000000e+00  
 1.499250e-03  -1.420420e+00   2.878310e+00   0.000000e+00  -2.916330e-01   2.944210e-01   0.000000e+00  
 1.499250e-03   3.383180e+00   1.391590e+00   0.000000e+00  -2.055660e-01  -1.018990e-01   0.000000e+00  
 1.499250e-03  -1.012320e+00   1.699230e+00   0.000000e+00  -2.756900e-02  -2.505240e-01   0.000000e+00  
 1.499250e-03   3.151640e-01   1.946230e+00   0.000000e+00   4.609180e-02   5.679600e-01   0.000000e+00  
 1.499250e-03   7.695400e-01   8.552370e-01   0.000000e+00   2.956060e-01   4.496460e-01   0.000000e+00  
 1.499250e-03  -2.151740e+00  -3.091700e+00   0.000000e+00   1.363510e-01  -1.122000e-01   0.000000e+00  
 1.499250e-03  -1.074420e+00   9.413000e-02   0.000000e+00  -5.400760e-02   3.847110e-01   0.000000e+00  
 1.499250e-03   1.349610e-02  -1.167810e-01   0.000000e+00  -8.602610e-02   1.105780e-02   0.000000e+00  
 1.499250e-03  -2.656530e+00   8.209910e-01   0.000000e+00   5.058250e-01  -3.535070e-01   0.000000e+00  
 1.499250e-03  -1.169140e+00   2.707000e+00   0.000000e+00   3.654710e-02  -1.421770e-01   0.000000e+00  
 1.499250e-03  -1.175990e+00   6.638670e-01   0.000000e+00  -1.604860e-01  -6.068280e-02   0.000000e+00  
 1.499250e-03   1.557060e+00   2.433040e+00   0.000000e+00  -1.226170e-01   1.738680e-01   0.000000e+00  
 1.499250e-03   5.991380e-01  -2.353660e+00   0.000000e+00   1.133190e-01  -6.124460e-02   0.000000e+00  
 1.499250e-03   1.150410e+00   7.350690e-01   0.000000e+00   1.271370e-01   2.950730e-03   0.000000e+00  
 1.499250e-03   1.351390e+00  -2.950330e+00   0.000000e+00  -2.902760e-01  -2.501440e-02   0.000000e+00  
 1.499250e-03   3.401330e+00   5.946710e-01   0.000000e+00  -3.003850e-02   3.049610e-01   0.000000e+00  
 1.499250e-03  -1.907130e+00  -2.099910e+00   0.000000e+00   8.068410e-02  -2.628660e-01   0.000000e+00  
 1.499250e-03   7.796740e-01  -7.722570e-01   0.000000e+00  -1.191010e-01   3.756160e-01   0.000000e+00  
 1.499250e-03  -4.189520e-01   1.393490e-01   0.000000e+00  -1.674380e-01  -8.255740e-02   0.000000e+00  
 1.499250e-03   3.336050e+00   1.844100e+00   0.000000e+00  -4.008000e-01   1.799370e-01   0.000000e+00  
 1.499250e-03  -3.069600e+00   3.278610e-01   0.000000e+00  -1.962450e-01   1.180980e-01   0.000000e+00  
 1.499250e-03  -2.565890e+00  -1.750140e+00   0.000000e+00  -4.359890e-01  -1.026610e-01   0.000000e+00  
 1.499250e-03  -8.054600e-01  -1.180000e+00   0.000000e+00   1.260810e-01   6.102000e-01   0.000000e+00  
 1.499250e-03  -2.194170e+00   5.797200e-01   0.000000e+00   7.404470e-02  -5.827770e-03   0.000000e+00  
 1.499250e-03  -3.217340e+00   1.071980e+00   0.000000e+00   1.777690e-01   1.459250e-01   0.000000e+00  
 1.499250e-03   1.254990e+00  -1.747350e+00   0.000000e+00  -2.261420e-01  -6.991300e-02   0.000000e+00  
 1.499250e-03  -1.213360e+00  -1.107200e+00   0.000000e+00   2.071800e-01  -1.388970e-02   0.000000e+00  
 1.499250e-03   7.771390e-01  -2.568260e+00   0.000000e+00  -4.192490e-01   4.009490e-01   0.000000e+00  
 1.499250e-03  -3.959460e-01   9.114960e-01   0.000000e+00   4.306810e-01   2.895970e-02   0.000000e+00  
 1.499250e-03  -1.019890e+00   3.395260e+00   0.000000e+00  -3.010920e-01   1.710470e-01   0.000000e+00  
 1.499250e-03  -7.164080e-01   2.952610e+00   0.000000e+00   2.004400e-01   8.359860e-02   0.000000e+00  
 1.499250e-03   1.346260e+00   7.357490e-01   0.000000e+00  -6.612120e-04  -1.667520e-01   0.000000e+00  
 1.499250e-03  -2.158230e+00   1.293380e+00   0.000000e+00   1.938460e-02   1.182290e-01   0.000000e+00  
 1.499250e-03   2.665090e+00  -2.036940e+00   0.000000e+00  -1.364400e-01  -1.720060e-01   0.000000e+00  
 1.499250e-03   1.406960e+00   1.959530e+00   0.000000e+00  -7.301900e-03   2.611500e-01   0.000000e+00  
 1.499250e-03  -2.504310e+00   1.501230e+00   0.000000e+00  -9.443720e-03   2.515100e-02   0.000000e+00  
 1.499250e-03  -2.324530e+00   5.168330e-01   0.000000e+00   1.277420e-01  -7.976480e-02   0.000000e+00  
 1.499250e-03  -6.250770e-02  -1.909970e+00   0.000000e+00  -1.607760e-01   4.977960e-02   0.000000e+00  
 1.499250e-03  -6.396390e-01  -2.789860e-01   0.000000e+00  -4.937980e-01  -1.654440e-01   0.000000e+00  
 1.499250e-03  -6.648260e-01   3.441140e-02   0.000000e+00   6.471360e-02  -9.955120e-02   0.000000e+00  
 1.499250e-03   5.073370e-01  -1.947840e+00   0.000000e+00   1.088230e-01   1.098330e-01   0.000000e+00  
 1.499250e-03  -2.176180e+00  -2.032940e+00   0.000000e+00   2.543480e-01   1.157590e-01   0.000000e+00  
 1.499250e-03  -3.103890e+00   2.029660e-01   0.000000e+00   1.081570e-01  -6.388680e-01   0.000000e+00  
 1.499250e-03  -1.467670e+00  -3.839580e-01   0.000000e+00   1.613130e-02   5.980310e-02   0.000000e+00  
 1.499250e-03  -2.928580e+00  -2.168690e+00   0.000000e+00   3.728240e-01  -2.525020e-01   0.000000e+00  
 1.499250e-03  -8.971610e-02  -8.152370e-01   0.000000e+00  -3.388590e-01  -8.455560e-02   0.000000e+00  
 1.499250e-03   4.742790e-01   1.715760e+00   0.000000e+00   1.050790e-01  -2.959550e-01   0.000000e+00  
 1.499250e-03   5.366460e-01   2.950370e+00   0.000000e+00  -2.734520e-01  -8.001520e-02   0.000000e+00  
 1.499250e-03  -1.255470e+00  -1.376200e+00   0.000000e+00  -1.721080e-01   5.439620e-02   0.000000e+00  
 1.499250e-03   2.412230e+00  -2.114540e+00   0.000000e+00   4.847680e-02   2.385380e-01   0.000000e+00  
 1.499250e-03  -1.040960e+00  -1.314550e+00   0.000000e+00  -2.792800e-01   1.980410e-01   0.000000e+00  
 1.499250e-03  -1.168190e+00   4.175180e-03   0.000000e+00   3.592980e-01   1.777190e-01   0.000000e+00  
 1.499250e-03  -3.647970e+00  -1.066790e-01   0.000000e+00   6.220250e-01   1.045970e-01   0.000000e+00  
 1.499250e-03  -2.647370e+00   2.206740e+00   0.000000e+00  -4.620190e-02   2.125280e-01   0.000000e+00  
 1.499250e-03  -1.888400e+00   2.694170e+00   0.000000e+00   2.927100e-01   1.198450e-01   0.000000e+00  
 1.499250e-03  -1.913160e+00   1.092530e-01   0.000000e+00  -1.298190e-01   6.570930e-02   0.000000e+00  
 1.499250e-03   1.452020e+00   1.825950e+00   0.000000e+00  -1.978510e-01   7.547760e-02   0.000000e+00  
 1.499250e-03   8.850720e-01   2.935430e+00   0.000000e+00  -1.550590e-01   1.917120e-01   0.000000e+00  
 1.499250e-03   6.015510e-01   1.134750e+00   0.000000e+00  -1.385180e-01  -4.295790e-01   0.000000e+00  
 1.499250e-03   1.943780e+00   9.154350e-01   0.000000e+00   9.567080e-02  -2.408090e-01   0.000000e+00  
 1.499250e-03  -2.780060e+00   2.026540e+00   0.000000e+00   1.194990e-01  -2.432630e-01   0.000000e+00  
 1.499250e-03   2.172730e-01  -1.755030e+00   0.000000e+00  -1.889280e-01   1.292120e-01   0.000000e+00  
 1.499250e-03   2.504650e-01   1.921980e-01   0.000000e+00  -4.440790e-02  -8.756610e-03   0.000000e+00  
 1.499250e-03   1.211960e+00   1.769580e+00   0.000000e+00   1.367830e-01  -8.310600e-02   0.000000e+00  
 1.499250e-03  -1.741170e+00   1.596130e-01   0.000000e+00   2.681750e-01   3.318120e-03   0.000000e+00  
 1.499250e-03  -2.672780e+00  -2.804120e+00   0.000000e+00  -2.918490e-01   2.512670e-05   0.000000e+00  
 1.499250e-03   2.704080e+00   1.990980e+00   0.000000e+00   1.469470e-01   9.053520e-02   0.000000e+00  
 1.499250e-03   1.169620e+00   2.473890e+00   0.000000e+00   1.790280e-01   1.269340e-01   0.000000e+00  
 1.499250e-03   2.031410e-01  -2.112770e+00   0.000000e+00  -1.925790e-01  -3.669170e-01   0.000000e+00  
 1.499250e-03   2.936410e+00  -7.659670e-01   0.000000e+00  -3.160880e-01  -2.075380e-02   0.000000e+00  
 1.499250e-03   3.814350e-01   2.131920e+00   0.000000e+00   4.518150e-01  -2.408640e-01   0.000000e+00  
 1.499250e-03  -3.075470e-01  -3.433300e-01   0.000000e+00  -2.889810e-01  -6.511620e-01   0.000000e+00  
 1.499250e-03  -3.343170e-01  -1.962260e+00   0.000000e+00  -5.732070e-01   2.702340e-03   0.000000e+00  
 1.499250e-03   1.005680e+00  -8.737230e-01   0.000000e+00   2.059030e-01   1.827940e-01   0.000000e+00  
 1.499250e-03  -3.411590e+00  -6.011620e-01   0.000000e+00   2.497390e-01   2.713200e-01   0.000000e+00  
 1.499250e-03   1.643160e-01  -1.918140e+00   0.000000e+00   1.260190e-01   1.812840e-01   0.000000e+00  
 1.499250e-03   9.329230e-01  -1.827010e+00   0.000000e+00   2.429390e-01   2.064510e-01   0.000000e+00  
 1.499250e-03  -1.233020e+00  -2.160250e+00   0.000000e+00   2.782550e-01   2.508880e-01   0.000000e+00  
 1.499250e-03   1.014700e+00   1.477150e+00   0.000000e+00   1.618530e-01   1.863860e-01   0.000000e+00  
 1.499250e-03   1.446530e+00  -2.650680e+00   0.000000e+00  -1.402510e-02  -4.437690e-01   0.000000e+00  
 1.499250e-03   9.747810e-02   1.954780e+00   0.000000e+00  -9.922650e-03   3.323720e-01   0.000000e+00  
 1.499250e-03  -1.480410e+00   6.517330e-01   0.000000e+00  -2.275620e-01  -1.711410e-01   0.000000e+00  
 1.499250e-03   1.658750e-01   2.495190e-01   0.000000e+00   9.518650e-02  -3.096020e-01   0.000000e+00  
 1.499250e-03  -3.755610e-01  -1.925770e+00   0.000000e+00   4.564040e-01   6.134640e-01   0.000000e+00  
 1.499250e-03  -8.214330e-01  -1.462930e+00   0.000000e+00   2.180930e-01   4.283810e-01   0.000000e+00  
 1.499250e-03  -1.260720e+00   1.472530e+00   0.000000e+00  -1.841830e-01   5.976200e-02   0.000000e+00  
 1.499250e-03   1.898700e+00  -2.442260e+00   0.000000e+00  -3.155240e-01  -2.944460e-01   0.000000e+00  
 1.499250e-03   2.013220e+00  -2.885410e+00   0.000000e+00  -1.809880e-01   2.773100e-01   0.000000e+00  
 1.499250e-03   3.772740e+00   1.005340e+00   0.000000e+00  -1.406860e-01   4.186310e-01   0.000000e+00  
 1.499250e-03  -1.276090e+00   1.969260e+00   0.000000e+00   9.934130e-02  -1.002970e-01   0.000000e+00  
 1.499250e-03   3.550070e-01   2.255370e+00   0.000000e+00  -1.162190e-01  -4.118150e-01   0.000000e+00  
 1.499250e-03  -1.250270e+00  -1.600250e+00   0.000000e+00  -3.967920e-02  -2.778290e-01   0.000000e+00  
 1.499250e-03  -3.124650e-01  -4.327620e-01   0.000000e+00  -4.605510e-01   4.880650e-01   0.000000e+00  
 1.499250e-03  -1.745010e-01   3.710520e-01   0.000000e+00  -4.613700e-01   1.687280e-01   0.000000e+00  
 1.499250e-03   1.049940e+00  -1.225280e-01   0.000000e+00   3.387570e-01  -7.259480e-02   0.000000e+00  
 1.499250e-03   1.206530e+00  -1.335290e+00   0.000000e+00  -2.343290e-01  -2.541730e-01   0.000000e+00  
 1.499250e-03   1.305580e+00  -2.101900e+00   0.000000e+00  -1.083920e-01  -1.382150e-01   0.000000e+00  
 1.499250e-03   1.615010e+00  -1.308930e+00   0.000000e+00   4.317150e-01   1.007310e-02   0.000000e+00  
 1.499250e-03   6.399580e-01  -1.894340e+00   0.000000e+00   2.059040e-01   1.438450e-01   0.000000e+00  
 1.499250e-03   4.998970e-01   1.474550e-01   0.000000e+00   3.339150e-01   3.560060e-01   0.000000e+00  
 1.499250e-03   2.609790e+00  -1.188350e-01   0.000000e+00   1.878510e-01  -4.227950e-01   0.000000e+00  
 1.499250e-03  -1.508540e-03   7.539300e-01   0.000000e+00   2.502950e-01  -7.256360e-02   0.000000e+00  
 1.499250e-03  -1.216750e-01   2.151430e+00   0.000000e+00   4.929050e-01   1.777750e-01   0.000000e+00  
 1.499250e-03  -1.589230e-01   1.863650e-02   0.000000e+00   4.047320e-01  -4.122550e-01   0.000000e+00  
 1.499250e-03   1.037970e+00  -2.460010e+00   0.000000e+00   6.025030e-01   1.584520e-01   0.000000e+00  
 1.499250e-03   2.123100e+00   1.891560e-01   0.000000e+00   5.672640e-01  -1.800370e-01   0.000000e+00  
 1.499250e-03  -2.477150e+00  -1.087590e+00   0.000000e+00   3.642130e-02   7.503030e-02   0.000000e+00  
 1.499250e-03  -1.591130e+00  -1.791940e+00   0.000000e+00  -1.162650e-01  -1.036180e-01   0.000000e+00  
 1.499250e-03   1.891820e+00   1.631850e+00   0.000000e+00   4.042350e-01   2.629230e-01   0.000000e+00  
 1.499250e-03  -1.134420e+00   1.021630e+00   0.000000e+00  -1.217040e-02  -3.028650e-01   0.000000e+00  
 1.499250e-03  -2.754340e+00  -3.969410e-01   0.000000e+00  -7.447500e-02   2.177730e-01   0.000000e+00  
 1.499250e-03  -1.496690e+00   2.372330e+00   0.000000e+00  -1.834010e-02  -1.299460e-01   0.000000e+00  
 1.499250e-03  -1.314920e+00   1.243510e-01   0.000000e+00  -9.413720e-02   3.586970e-01   0.000000e+00  
 1.499250e-03  -1.266800e+00   8.404120e-01   0.000000e+00   3.750220e-01  -3.034170e-02   0.000000e+00  
 1.499250e-03   2.236300e+00  -7.778960e-01   0.000000e+00  -7.938710e-02  -2.070910e-01   0.000000e+00  
 1.499250e-03  -1.998310e+00   2.075610e+00   0.000000e+00  -1.126540e-01   4.870410e-01   0.000000e+00  
 1.499250e-03   1.923070e+00   8.892990e-01   0.000000e+00   1.668800e-01  -3.063560e-01   0.000000e+00  
 1.499250e-03   1.145210e+00   1.726170e+00   0.000000e+00  -3.686540e-02   2.899760e-01   0.000000e+00  
 1.499250e-03   1.034230e+00  -2.119510e+00   0.000000e+00  -5.535310e-01  -3.060000e-01   0.000000e+00  
 1.499250e-03  -1.778410e+00  -2.383650e-01   0.000000e+00   5.291570e-02   7.401260e-02   0.000000e+00  
 1.499250e-03  -1.504670e+00  -3.481410e+00   0.000000e+00   6.142230e-02   4.683260e-01   0.000000e+00  
 1.499250e-03   3.904840e+00  -1.499600e-01   0.000000e+00   2.188030e-02   3.346660e-01   0.000000e+00  
 1.499250e-03   7.750160e-01   1.837970e-01   0.000000e+00  -1.132660e-01  -3.741340e-01   0.000000e+00  
 1.499250e-03   1.931340e+00  -1.454050e+00   0.000000e+00  -1.741250e-01   3.984790e-01   0.000000e+00  
 1.499250e-03   1.822300e+00  -1.875080e+00   0.000000e+00  -8.346870e-02   1.013000e-01   0.000000e+00  
 1.499250e-03  -1.564210e+00   3.556440e-01   0.000000e+00  -7.664590e-02  -2.617830e-01   0.000000e+00  
 1.499250e-03  -5.286330e-01   5.655310e-01   0.000000e+00   3.512830e-01  -3.184390e-01   0.000000e+00  
 1.499250e-03   3.211000e+00   3.427190e-01   0.000000e+00   1.178870e-01   2.529740e-01   0.000000e+00  
 1.499250e-03  -1.291260e+00   4.336420e-01   0.000000e+00  -3.880040e-02   6.840770e-01   0.000000e+00  
 1.499250e-03  -2.315380e+00   8.928710e-01   0.000000e+00  -1.664660e-01  -2.756300e-01   0.000000e+00  
 1.499250e-03  -1.828850e+00   1.411190e+00   0.000000e+00   3.617670e-01  -4.361000e-02   0.000000e+00  
 1.499250e-03   2.099990e+00  -2.714890e+00   0.000000e+00   2.936210e-03   2.005330e-01   0.000000e+00  
 1.499250e-03  -2.355330e+00  -5.861760e-01   0.000000e+00   3.987110e-01  -4.453540e-01   0.000000e+00  
 1.499250e-03   2.137320e+00   8.486390e-01   0.000000e+00  -3.429670e-01  -3.869130e-01   0.000000e+00  
 1.499250e-03   3.322610e+00  -6.205990e-01   0.000000e+00  -1.566400e-01  -5.754670e-02   0.000000e+00  
 1.499250e-03   1.956550e+00   4.700830e-01   0.000000e+00   2.173250e-01   1.800910e-01   0.000000e+00  
 1.499250e-03  -1.785060e+00   2.673090e+00   0.000000e+00  -4.078910e-01   6.488440e-02   0.000000e+00  
 1.499250e-03   2.146340e+00   2.412130e+00   0.000000e+00   2.853450e-01  -6.224060e-02   0.000000e+00  
 1.499250e-03   1.047850e+00  -2.389030e+00   0.000000e+00   1.369580e-01  -2.102970e-01   0.000000e+00  
 1.499250e-03  -1.905040e+00  -2.682480e+00   0.000000e+00  -4.531150e-01  -2.166820e-02   0.000000e+00  
 1.499250e-03   2.296290e+00  -2.843580e+00   0.000000e+00   1.600610e-02  -2.196980e-01   0.000000e+00  
 1.499250e-03  -3.583630e-01   3.551530e+00   0.000000e+00  -1.822660e-01  -4.121460e-01   0.000000e+00  
 1.499250e-03   9.071800e-01   8.292320e-01   0.000000e+00  -2.020670e-01  -2.635000e-01   0.000000e+00  
 1.499250e-03  -6.142300e-01  -3.137080e+00   0.000000e+00   6.594920e-02   6.132320e-02   0.000000e+00  
 1.499250e-03   2.320750e-01  -3.259620e+00   0.000000e+00  -2.698360e-01   1.764850e-01   0.000000e+00  
 1.499250e-03  -9.234310e-01  -1.054380e+00   0.000000e+00   2.579130e-01   1.046860e-01   0.000000e+00  
 1.499250e-03  -3.782430e+00  -1.735150e-02   0.000000e+00  -3.569460e-01  -1.191080e-01   0.000000e+00  
 1.499250e-03  -1.162320e-01   4.153070e-01   0.000000e+00   4.877810e-02  -6.311940e-02   0.000000e+00  
 1.499250e-03   2.692420e+00  -1.386270e+00   0.000000e+00  -4.721920e-01   3.263360e-01   0.000000e+00  
 1.499250e-03  -1.278300e+00   2.261840e+00   0.000000e+00  -9.641910e-03  -1.650970e-01   0.000000e+00  
 1.499250e-03  -3.227220e+00  -1.420270e+00   0.000000e+00   3.271150e-01  -4.119540e-01   0.000000e+00  
 1.499250e-03  -2.834100e+00   8.960820e-01   0.000000e+00   2.091890e-01   5.065300e-02   0.000000e+00  
 1.499250e-03   2.679230e+00   7.760610e-01   0.000000e+00   1.026690e-01   1.417830e-01   0.000000e+00  
 1.499250e-03   7.446100e-01   1.610300e+00   0.000000e+00   4.387220e-01   7.427870e-02   0.000000e+00  
 1.499250e-03  -1.009500e+00  -8.391820e-01   0.000000e+00   5.402470e-01  -2.998140e-01   0.000000e+00  
 1.499250e-03  -2.037440e-01  -2.199020e+00   0.000000e+00   6.088340e-02   1.139860e-01   0.000000e+00  
 1.499250e-03   8.130320e-01  -3.696000e+00   0.000000e+00   1.491500e-01   2.286940e-01   0.000000e+00  
 1.499250e-03   2.089240e-02   8.368250e-01   0.000000e+00  -4.632720e-02  -1.771140e-01   0.000000e+00  
 1.499250e-03   2.237660e-02  -2.607110e+00   0.000000e+00  -4.487020e-01   6.397940e-02   0.000000e+00  
 1.499250e-03   2.230660e+00  -3.576010e-01   0.000000e+00   1.450500e-02  -6.691170e-02   0.000000e+00  
 1.499250e-03  -2.058310e+00   2.379840e+00   0.000000e+00   1.128890e-01   6.276320e-02   0.000000e+00  
 1.499250e-03   3.625140e+00  -1.498450e+00   0.000000e+00   2.813210e-01   3.681950e-02   0.000000e+00  
 1.499250e-03   1.001790e+00   1.994840e+00   0.000000e+00   3.335040e-01   2.748540e-01   0.000000e+00  
 1.499250e-03  -1.943700e+00   2.319970e+00   0.000000e+00   2.872470e-01  -1.192890e-01   0.000000e+00  
 1.499250e-03   1.240260e-01   9.676040e-01   0.000000e+00  -3.982680e-02   2.623050e-02   0.000000e+00  
 1.499250e-03   1.116280e+00  -4.898070e-01   0.000000e+00   1.869300e-01  -3.045980e-01   0.000000e+00  
 1.499250e-03   1.296540e+00  -2.114190e+00   0.000000e+00   3.686090e-01  -2.529980e-01   0.000000e+00  
 1.499250e-03  -1.013120e+00   2.278260e+00   0.000000e+00  -2.272190e-02   9.735340e-02   0.000000e+00  
 1.499250e-03   2.211320e-01   5.951500e-01   0.000000e+00  -2.147520e-01  -4.200760e-01   0.000000e+00  
 1.499250e-03  -1.421500e+00   1.653240e+00   0.000000e+00  -1.091030e-01   1.755020e-01   0.000000e+00  
 1.499250e-03  -2.859300e+00   8.409930e-01   0.000000e+00   4.376560e-02   4.842230e-01   0.000000e+00  
 1.499250e-03   2.173780e+00   2.854500e+00   0.000000e+00   1.678050e-01  -3.090290e-01   0.000000e+00  
 1.499250e-03   8.436570e-01   1.724200e+00   0.000000e+00  -6.521390e-02   1.548010e-01   0.000000e+00  
 1.499250e-03  -2.210590e-01  -1.991070e+00   0.000000e+00  -1.929030e-01   3.829460e-01   0.000000e+00  
 1.499250e-03   6.133970e-01  -3.585690e-01   0.000000e+00  -5.807520e-01   4.935030e-02   0.000000e+00  
 1.499250e-03  -1.429380e+00   1.060700e+00   0.000000e+00  -3.261920e-01   7.559870e-02   0.000000e+00  
 1.499250e-03   1.122250e+00   7.807770e-01   0.000000e+00   1.487000e-01  -1.969290e-01   0.000000e+00  
 1.499250e-03  -2.659530e+00  -1.470220e+00   0.000000e+00  -2.125140e-01  -2.776830e-01   0.000000e+00  
 1.499250e-03   3.592720e+00   1.270330e+00   0.000000e+00  -1.702390e-01   4.703430e-02   0.000000e+00  
 1.499250e-03   2.801110e+00   3.149880e-01   0.000000e+00  -5.521810e-02  -1.252460e-01   0.000000e+00  
 1.499250e-03   1.471460e+00   1.755760e+00   0.000000e+00  -3.005860e-01  -9.197150e-02   0.000000e+00  
 1.499250e-03   1.272300e+00   1.112490e+00   0.000000e+00   4.027200e-01  -8.708220e-02   0.000000e+00  
 1.499250e-03  -5.675850e-02  -2.760840e+00   0.000000e+00   6.861870e-02   1.180430e-02   0.000000e+00  
 1.499250e-03   4.565450e-01  -2.033540e+00   0.000000e+00   3.242360e-01   1.587070e-01   0.000000e+00  
 1.499250e-03   1.455630e+00   1.275050e+00   0.000000e+00  -2.354160e-02  -4.759640e-02   0.000000e+00  
 1.499250e-03  -8.822190e-01   2.884930e+00   0.000000e+00   4.858740e-01   2.676350e-01   0.000000e+00  
 1.499250e-03   9.333700e-01   3.886130e-01   0.000000e+00   4.950240e-02   5.152580e-01   0.000000e+00  
 1.499250e-03   3.427640e+00   1.232820e+00   0.000000e+00   3.405810e-01   1.013430e-01   0.000000e+00  
 1.499250e-03  -3.451790e-01  -3.094950e+00   0.000000e+00  -4.588460e-02  -4.241600e-01   0.000000e+00  
 1.499250e-03   3.124960e+00  -4.250230e-01   0.000000e+00  -1.727260e-01   1.448550e-02   0.000000e+00  
 1.499250e-03   2.173040e+00  -1.349140e-01   0.000000e+00   1.571790e-02  -4.690530e-01   0.000000e+00  
 1.499250e-03  -3.226910e+00  -1.690750e+00   0.000000e+00   4.653370e-01  -2.268440e-01   0.000000e+00  
 1.499250e-03   2.421890e+00  -4.639310e-01   0.000000e+00  -5.189920e-02  -3.400190e-01   0.000000e+00  
 1.499250e-03  -1.589910e+00   2.574440e+00   0.000000e+00   4.358780e-01   8.261420e-02   0.000000e+00  
 1.499250e-03   1.350200e+00  -9.143840e-01   0.000000e+00  -9.348230e-02  -9.768460e-02   0.000000e+00  
 1.499250e-03   1.431420e+00  -1.119840e+00   0.000000e+00  -5.424740e-01  -7.934700e-02   0.000000e+00  
 1.499250e-03   3.235750e-01  -1.728210e+00   0.000000e+00   1.142180e-01   1.724270e-01   0.000000e+00  
 1.499250e-03   2.099130e+00   7.278630e-01   0.000000e+00   3.101720e-01  -1.844300e-01   0.000000e+00  
 1.499250e-03   1.430140e+00   4.423700e-01   0.000000e+00  -5.148930e-01  -3.157160e-01   0.000000e+00  
 1.499250e-03  -4.157410e-01   1.346240e+00   0.000000e+00   1.364470e-01  -2.144270e-01   0.000000e+00  
 1.499250e-03   8.611990e-01  -1.348810e+00   0.000000e+00  -2.138690e-01   9.283080e-02   0.000000e+00  
 1.499250e-03  -2.109690e+00  -2.542620e-02   0.000000e+00   4.327710e-01   1.725680e-01   0.000000e+00  
 1.499250e-03  -2.839860e+00   1.511850e+00   0.000000e+00   1.225570e-02   1.690560e-01   0.000000e+00  
 1.499250e-03   1.307720e+00  -3.303600e-01   0.000000e+00   1.050930e-01   1.587250e-01   0.000000e+00  
 1.499250e-03   1.757760e+00  -3.928710e-01   0.000000e+00   2.984900e-02  -1.293100e-01   0.000000e+00  
 1.499250e-03   1.665770e+00   3.046310e-01   0.000000e+00   2.516470e-01   1.833370e-01   0.000000e+00  
 1.499250e-03  -1.214140e+00   6.041960e-01   0.000000e+00  -1.466570e-01   2.406490e-02   0.000000e+00  
 1.499250e-03  -3.182020e+00  -2.110670e+00   0.000000e+00   5.385270e-02  -8.870550e-02   0.000000e+00  
 1.499250e-03   9.978260e-01  -3.414960e+00   0.000000e+00   4.787000e-02  -1.806660e-01   0.000000e+00  
 1.499250e-03  -5.713510e-01  -1.529150e+00   0.000000e+00  -1.749090e-01   1.413480e-01   0.000000e+00  
 1.499250e-03  -1.417480e+00  -2.652260e+00   0.000000e+00  -3.766580e-01   2.502950e-01   0.000000e+00  
 1.499250e-03   5.498280e-01  -1.464730e+00   0.000000e+00  -4.244420e-02   1.147140e-01   0.000000e+00  
 1.499250e-03  -1.313060e+00  -1.787960e+00   0.000000e+00   9.517950e-02   3.658120e-01   0.000000e+00  
 1.499250e-03   3.499090e+00  -1.040580e+00   0.000000e+00   4.339940e-02   4.461980e-01   0.000000e+00  
 1.499250e-03  -1.090130e-01  -1.471020e+00   0.000000e+00  -1.515160e-01  -2.030710e-01   0.000000e+00  
 1.499250e-03  -1.443530e+00   1.649610e+00   0.000000e+00  -1.929220e-01   1.949770e-01   0.000000e+00  
 1.499250e-03  -2.795860e+00  -2.115800e+00   0.000000e+00  -3.908180e-02   1.878610e-01   0.000000e+00  
 1.499250e-03   3.217820e+00  -6.047500e-01   0.000000e+00   1.500980e-01  -1.348920e-01   0.000000e+00  
 1.499250e-03  -3.297890e+00   1.468660e+00   0.000000e+00  -1.188840e-01  -1.759870e-01   0.000000e+00  
 1.499250e-03   1.092320e-01  -4.953100e-01   0.000000e+00   1.786500e-01   1.252870e-01   0.000000e+00  
 1.499250e-03  -2.499060e+00   2.896750e+00   0.000000e+00   6.125710e-02   3.290310e-02   0.000000e+00  
 1.499250e-03  -1.709420e+00  -2.145350e+00   0.000000e+00   1.441660e-01  -3.049740e-03   0.000000e+00  
 1.499250e-03   2.013250e+00   1.463160e+00   0.000000e+00  -3.503830e-01   4.335980e-01   0.000000e+00  
 1.499250e-03   1.957660e+00   1.436080e+00   0.000000e+00  -1.637250e-01  -2.311660e-01   0.000000e+00  
 1.499250e-03   7.318330e-01  -3.391230e-01   0.000000e+00  -1.329230e-01  -4.873700e-01   0.000000e+00  
 1.499250e-03   3.249520e+00  -1.621760e+00   0.000000e+00   3.916720e-02  -1.174660e-02   0.000000e+00  
 1.499250e-03  -4.894650e-01  -2.067030e+00   0.000000e+00  -4.224560e-01   1.195270e-01   0.000000e+00  
 1.499250e-03   7.339490e-01   2.944520e+00   0.000000e+00  -4.762950e-02  -2.729160e-01   0.000000e+00  
 1.499250e-03  -1.944730e+00  -2.111780e+00   0.000000e+00   4.546700e-01   1.068840e-01   0.000000e+00  
 1.499250e-03   2.784760e-01  -5.697260e-01   0.000000e+00  -1.667830e-01  -1.398860e-01   0.000000e+00  
 1.499250e-03  -1.575850e+00  -1.267460e+00   0.000000e+00   4.189920e-01   2.152380e-02   0.000000e+00  
 1.499250e-03   1.945060e+00   7.115320e-01   0.000000e+00   1.194400e-01   2.976000e-01   0.000000e+00  
 1.499250e-03  -1.682640e+00   1.969780e+00   0.000000e+00   3.933490e-01  -1.627830e-01   0.000000e+00  
 1.499250e-03   1.267730e+00  -2.390130e+00   0.000000e+00  -1.923710e-01  -1.908470e-01   0.000000e+00  
 1.499250e-03  -7.120080e-01   3.660690e-01   0.000000e+00  -1.430670e-02   5.663210e-01   0.000000e+00  
 1.499250e-03  -1.558590e+00  -1.702300e+00   0.000000e+00   3.120650e-02  -1.064100e-01   0.000000e+00  
 1.499250e-03   6.941760e-02   1.705680e+00   0.000000e+00  -4.119310e-01   7.913190e-02   0.000000e+00  
 1.499250e-03  -1.523830e+00  -2.211400e+00   0.000000e+00   3.324820e-01   3.606690e-01   0.000000e+00  
 1.499250e-03  -6.645950e-01  -3.567840e-01   0.000000e+00  -2.810930e-01  -2.423340e-01   0.000000e+00  
 1.499250e-03  -1.329510e+00   2.122680e+00   0.000000e+00   1.024600e-01  -1.376280e-01   0.000000e+00  
 1.499250e-03   2.739810e+00   4.796280e-01   0.000000e+00   2.347520e-01  -2.216510e-01   0.000000e+00  
 1.499250e-03   2.386380e+00   2.213460e+00   0.000000e+00  -2.894580e-03  -1.355900e-01   0.000000e+00  
 1.499250e-03  -2.088630e+00  -1.400750e-01   0.000000e+00   2.122460e-01  -1.321440e-01   0.000000e+00  
 1.499250e-03   1.581440e+00   1.843420e+00   0.000000e+00  -2.913560e-01   4.912410e-03   0.000000e+00  
 1.499250e-03  -6.576270e-02   1.940740e-01   0.000000e+00   9.342930e-02   2.460500e-01   0.000000e+00  
 1.499250e-03  -9.480000e-01  -3.078900e-01   0.000000e+00   1.672830e-01  -7.000530e-02   0.000000e+00  
 1.499250e-03  -5.170490e-03   6.661360e-01   0.000000e+00   7.901090e-02   6.377570e-02   0.000000e+00  
 1.499250e-03  -6.937890e-02   2.540310e+00   0.000000e+00   1.199550e-01   2.482290e-01   0.000000e+00  
 1.499250e-03  -1.496890e-01  -1.477210e+00   0.000000e+00  -2.624810e-01   1.860630e-01   0.000000e+00  
 1.499250e-03  -1.413750e+00  -1.896870e+00   0.000000e+00  -4.895340e-02   1.236540e-01   0.000000e+00  
 1.499250e-03   2.242580e+00   2.105270e+00   0.000000e+00   2.401480e-01  -1.928560e-01   0.000000e+00  
 1.499250e-03  -1.709140e+00   1.395520e+00   0.000000e+00   7.315420e-02   4.070890e-01   0.000000e+00  
 1.499250e-03  -1.447950e+00  -2.093400e+00   0.000000e+00  -2.416880e-01  -2.160010e-01   0.000000e+00  
 1.499250e-03  -1.050020e+00  -7.395440e-02   0.000000e+00   2.793420e-02   2.248470e-01   0.000000e+00  
 1.499250e-03   1.117410e+00  -1.630370e+00   0.000000e+00   2.149950e-02  -4.386830e-01   0.000000e+00  
 1.499250e-03   8.904910e-01   2.059220e+00   0.000000e+00   2.376040e-01   7.768850e-02   0.000000e+00  
 1.499250e-03  -1.194480e+00   1.806630e+00   0.000000e+00   3.833680e-01   4.405820e-01   0.000000e+00  
 1.499250e-03   1.337750e-01  -2.562310e+00   0.000000e+00  -3.111490e-01   1.018920e-01   0.000000e+00  
 1.499250e-03   1.804190e-01  -3.660750e-01   0.000000e+00  -4.869590e-01   3.926440e-01   0.000000e+00  
 1.499250e-03  -1.238170e+00   4.752460e-01   0.000000e+00  -7.416270e-02  -4.154210e-01   0.000000e+00  
 1.499250e-03   4.501200e-01  -4.085700e-01   0.000000e+00  -1.661570e-01  -6.203480e-02   0.000000e+00  
 1.499250e-03  -3.472010e+00   1.027880e+00   0.000000e+00  -1.219720e-01  -1.240910e-01   0.000000e+00  
 1.499250e-03  -9.770760e-01  -1.018170e+00   0.000000e+00   3.732960e-02   1.570030e-01   0.000000e+00  
 1.499250e-03  -3.832270e+00  -6.835990e-01   0.000000e+00   1.478500e-01  -2.727820e-01   0.000000e+00  
 1.499250e-03  -9.039920e-01  -2.004880e+00   0.000000e+00   3.223500e-01   9.181010e-03   0.000000e+00  
 1.499250e-03   2.970960e+00  -7.763690e-02   0.000000e+00   2.632200e-01  -7.788470e-02   0.000000e+00  
 1.499250e-03  -3.919630e-01   9.773570e-01   0.000000e+00   3.795570e-01   2.729160e-01   0.000000e+00  
 1.499250e-03  -8.254250e-01   2.569670e+00   0.000000e+00  -2.718510e-02  -9.697300e-02   0.000000e+00  
 1.499250e-03   7.957090e-01   1.080230e+00   0.000000e+00  -8.657820e-02   6.834730e-02   0.000000e+00  
 1.499250e-03   4.057490e-01   1.893540e+00   0.000000e+00   1.019640e-01  -2.644620e-01   0.000000e+00  
 1.499250e-03   1.826500e+00   9.269140e-02   0.000000e+00  -3.336260e-01  -2.958390e-01   0.000000e+00  
 1.499250e-03  -2.607880e+00   1.355260e+00   0.000000e+00   2.096770e-02   1.932240e-02   0.000000e+00  
 1.499250e-03   2.265070e+00   1.182210e+00   0.000000e+00   5.302190e-02   6.958090e-02   0.000000e+00  
 1.499250e-03  -3.046240e-01  -1.266940e+00   0.000000e+00  -2.693950e-01   2.621330e-01   0.000000e+00  
 1.499250e-03   1.843730e+00  -9.567050e-01   0.000000e+00  -2.623900e-01  -1.998390e-01   0.000000e+00  
 1.499250e-03   3.309810e+00   2.361130e-01   0.000000e+00   5.049100e-02  -2.902740e-02   0.000000e+00  
 1.499250e-03   3.635950e+00  -1.370010e-01   0.000000e+00   6.400980e-02   9.967030e-02   0.000000e+00  
 1.499250e-03  -4.110620e-01  -2.532520e+00   0.000000e+00   1.382060e-01   5.849270e-02   0.000000e+00  
 1.499250e-03  -2.885020e+00  -1.087520e+00   0.000000e+00   8.661600e-02   2.268370e-01   0.000000e+00  
 1.499250e-03   1.259070e+00   2.064900e+00   0.000000e+00  -3.465750e-01  -3.273170e-01   0.000000e+00  
 1.499250e-03  -1.220700e+00   3.731420e+00   0.000000e+00   2.997430e-01  -3.880680e-02   0.000000e+00  
 1.499250e-03  -6.604890e-01   2.845810e+00   0.000000e+00   1.524290e-02  -4.443080e-01   0.000000e+00  
 1.499250e-03  -3.668200e-01   3.162590e+00   0.000000e+00  -6.717360e-02  -1.239410e-01   0.000000e+00  
 1.499250e-03  -1.892120e+00   4.017660e-01   0.000000e+00  -5.481880e-01  -1.062350e-01   0.000000e+00  
 1.499250e-03  -2.885470e+00   8.965420e-01   0.000000e+00   1.609420e-01  -3.053200e-01   0.000000e+00  
 1.499250e-03   8.996670e-01  -1.201610e+00   0.000000e+00  -1.849060e-01  -1.283410e-01   0.000000e+00  
 1.499250e-03   3.554820e-01  -2.454590e-01   0.000000e+00   5.729740e-02   1.944650e-01   0.000000e+00  
 1.499250e-03  -2.342390e+00  -1.020960e-01   0.000000e+00  -2.859540e-01  -4.269580e-03   0.000000e+00  
 1.499250e-03  -1.376240e+00  -9.023190e-02   0.000000e+00  -3.624140e-01  -3.108920e-01   0.000000e+00  
 1.499250e-03   3.944760e-01   1.215960e+00   0.000000e+00   1.079010e-01  -1.113810e-01   0.000000e+00  
 1.499250e-03  -7.562840e-01  -1.272340e+00   0.000000e+00  -1.896860e-01   1.140980e-01   0.000000e+00  
 1.499250e-03   2.223580e+00  -8.333460e-01   0.000000e+00  -2.530630e-01  -2.551480e-01   0.000000e+00  
 1.499250e-03  -2.496330e+00  -2.138120e-02   0.000000e+00  -5.193950e-01   1.402290e-01   0.000000e+00  
 1.499250e-03  -1.415090e+00   5.786630e-01   0.000000e+00   1.573060e-01  -1.267180e-01   0.000000e+00  
 1.499250e-03   2.736700e+00  -1.462410e+00   0.000000e+00  -1.406590e-01   1.358550e-01   0.000000e+00  
 1.499250e-03   2.603300e+00   5.003960e-01   0.000000e+00  -3.508120e-02   2.593370e-01   0.000000e+00  
 1.499250e-03   8.619210e-01  -1.028520e+00   0.000000e+00   4.712540e-01   4.198740e-01   0.000000e+00  
 1.499250e-03   1.552930e+00  -5.028950e-01   0.000000e+00   3.128730e-01   2.121770e-01   0.000000e+00  
 1.499250e-03   8.137370e-01  -1.971880e+00   0.000000e+00  -3.986700e-03  -2.718810e-01   0.000000e+00  
 1.499250e-03   9.559430e-01   1.864120e+00   0.000000e+00  -3.287450e-01  -2.119510e-01   0.000000e+00  
 1.499250e-03  -3.175910e+00   1.249380e+00   0.000000e+00   8.838020e-02  -1.183960e-01   0.000000e+00  
 1.499250e-03   8.100280e-02  -8.049980e-01   0.000000e+00  -1.418820e-01  -6.734640e-02   0.000000e+00  
 1.499250e-03   5.066440e-01  -8.773950e-01   0.000000e+00  -4.742470e-01  -5.033900e-03   0.000000e+00  
 1.499250e-03  -1.405060e+00   3.249280e+00   0.000000e+00   6.246080e-02   2.366000e-01   0.000000e+00  
 1.499250e-03  -1.981500e+00   1.267960e+00   0.000000e+00  -1.745900e-01  -2.022740e-01   0.000000e+00  
 1.499250e-03   9.276530e-01  -1.526980e+00   0.000000e+00   2.337030e-01   1.623480e-01   0.000000e+00  
 1.499250e-03   2.144230e+00   1.043150e-01   0.000000e+00   6.812320e-02   3.372930e-01   0.000000e+00  
 1.499250e-03   1.810130e+00   6.683480e-01   0.000000e+00   2.215280e-01  -5.730890e-02   0.000000e+00  
 1.499250e-03   2.395600e+00   3.089360e-01   0.000000e+00  -7.020490e-02  -2.299320e-01   0.000000e+00  
 1.499250e-03   1.051670e+00  -1.938820e+00   0.000000e+00  -6.327790e-02  -2.350260e-01   0.000000e+00  
 1.499250e-03  -2.782940e-01  -3.363120e+00   0.000000e+00  -1.738680e-01  -1.170170e-01   0.000000e+00  
 1.499250e-03   2.414370e+00  -1.859620e+00   0.000000e+00  -6.994990e-02  -5.626480e-01   0.000000e+00  
 1.499250e-03   2.541850e+00   1.421200e+00   0.000000e+00  -3.967580e-02  -9.166610e-02   0.000000e+00  
 1.499250e-03   1.361560e+00  -1.810620e+00   0.000000e+00   8.660640e-02  -1.515980e-01   0.000000e+00  
 1.499250e-03   1.166080e+00   2.734630e+00   0.000000e+00  -2.594870e-01   2.055930e-01   0.000000e+00  
 1.499250e-03   1.194270e+00  -9.197740e-01   0.000000e+00   8.584570e-02  -3.796240e-02   0.000000e+00  
 1.499250e-03   1.035130e+00  -7.139040e-01   0.000000e+00   1.332420e-02   2.091880e-01   0.000000e+00  
 1.499250e-03  -1.999360e+00  -6.613740e-01   0.000000e+00  -7.166750e-02   3.066370e-01   0.000000e+00  
 1.499250e-03  -1.096410e+00   2.115940e+00   0.000000e+00   3.607410e-01   2.353390e-01   0.000000e+00  
 1.499250e-03   2.321660e+00  -3.208270e-01   0.000000e+00   3.071850e-01  -4.063790e-01   0.000000e+00  
 1.499250e-03  -1.319030e+00   6.027080e-01   0.000000e+00   9.418210e-02  -1.351450e-01   0.000000e+00  
 1.499250e-03  -1.180500e+00  -1.443660e+00   0.000000e+00   2.389840e-01  -5.644790e-01   0.000000e+00  
 1.499250e-03   2.492420e+00  -3.550930e-01   0.000000e+00   4.619390e-02  -1.686550e-01   0.000000e+00  
 1.499250e-03   4.885660e-01  -1.193230e+00   0.000000e+00   4.023940e-01   2.805310e-01   0.000000e+00  
 1.499250e-03  -1.541150e+00  -1.034460e+00   0.000000e+00   1.530500e-01   2.747100e-01   0.000000e+00  
 1.499250e-03   3.082440e+00  -2.684970e-02   0.000000e+00   3.892170e-01  -9.310820e-02   0.000000e+00  
 1.499250e-03  -2.752280e+00  -2.437810e-01   0.000000e+00   2.379030e-01   2.532740e-01   0.000000e+00  
 1.499250e-03  -2.506640e+00  -1.571340e+00   0.000000e+00   5.900620e-02  -1.064820e-01   0.000000e+00  
 1.499250e-03   3.310490e+00   9.660800e-01   0.000000e+00  -4.480800e-02  -4.682420e-02   0.000000e+00  
 1.499250e-03  -2.385440e+00   5.871070e-01   0.000000e+00  -6.321050e-03  -5.241910e-03   0.000000e+00  
 1.499250e-03   2.585310e+00  -3.924510e-01   0.000000e+00   1.479160e-01  -1.758690e-01   0.000000e+00  
 1.499250e-03   2.656990e+00   6.042960e-01   0.000000e+00   9.703730e-02   4.830340e-01   0.000000e+00  
 1.499250e-03   1.579960e+00  -2.944250e-02   0.000000e+00   2.938430e-01   3.984770e-03   0.000000e+00  
 1.499250e-03  -1.655390e+00  -4.135460e-01   0.000000e+00   2.746350e-01   3.615940e-01   0.000000e+00  
 1.499250e-03  -2.889480e-01  -2.651000e+00   0.000000e+00  -2.025780e-01   1.102380e-01   0.000000e+00  
 1.499250e-03  -1.412970e+00   2.520510e-01   0.000000e+00  -3.751210e-01  -7.865140e-02   0.000000e+00  
 1.499250e-03  -4.617890e-01   1.687090e+00   0.000000e+00   1.891440e-01  -7.282940e-02   0.000000e+00  
 1.499250e-03  -8.509210e-02  -1.137840e+00   0.000000e+00  -1.356360e-01   3.734460e-02   0.000000e+00  
 1.499250e-03   1.818950e+00   3.916700e-03   0.000000e+00   2.049720e-01   6.534870e-01   0.000000e+00  
 1.499250e-03  -1.072020e+00   1.620780e+00   0.000000e+00   6.104530e-02   6.637250e-02   0.000000e+00  
 1.499250e-03   1.817580e-01  -2.338080e+00   0.000000e+00  -4.785020e-03   1.183950e-01   0.000000e+00  
 1.499250e-03   2.187200e+00  -1.475920e+00   0.000000e+00   2.373390e-01  -1.544550e-01   0.000000e+00  
 1.499250e-03  -2.049720e+00  -1.289830e+00   0.000000e+00   4.948550e-01   1.417020e-01   0.000000e+00  
 1.499250e-03  -2.065230e+00   7.599160e-01   0.000000e+00   1.200640e-01   3.202450e-01   0.000000e+00  
 1.499250e-03   2.414480e+00   6.374910e-01   0.000000e+00   2.201620e-01  -3.805560e-02   0.000000e+00  
 1.499250e-03  -3.310480e+00   2.526870e-01   0.000000e+00  -3.820930e-02   1.029670e-02   0.000000e+00  
 1.499250e-03   6.602040e-01  -1.740260e+00   0.000000e+00   4.269630e-01  -1.699290e-01   0.000000e+00  
 1.499250e-03   6.827540e-01   9.111390e-01   0.000000e+00  -2.155650e-02  -4.918580e-01   0.000000e+00  
 1.499250e-03   1.145440e+00   2.302450e+00   0.000000e+00  -2.636570e-01  -2.653380e-01   0.000000e+00  
 1.499250e-03  -2.706230e-01  -6.281980e-01   0.000000e+00   2.752140e-01  -3.004830e-01   0.000000e+00  
 1.499250e-03   1.170310e+00   8.837330e-01   0.000000e+00   5.150770e-02   5.171360e-01   0.000000e+00  
 1.499250e-03   1.343500e+00   4.036420e-01   0.000000e+00  -1.067010e-01   3.172370e-01   0.000000e+00  
 1.499250e-03   3.017150e+00   2.427560e+00   0.000000e+00   3.740710e-01   3.213610e-02   0.000000e+00  
 1.499250e-03   1.917500e+00  -1.955940e+00   0.000000e+00   2.299030e-02  -1.162160e-02   0.000000e+00  
 1.499250e-03   1.720560e+00   1.175100e+00   0.000000e+00   3.002510e-01   2.708140e-01   0.000000e+00  
 1.499250e-03  -2.476640e+00  -4.533660e-01   0.000000e+00  -4.951530e-02   2.687110e-01   0.000000e+00  
 1.499250e-03   1.464090e-01  -2.492290e-01   0.000000e+00  -4.280160e-01   2.826510e-01   0.000000e+00  
 1.499250e-03   1.760190e+00   9.608640e-01   0.000000e+00  -4.046700e-01   1.986890e-01   0.000000e+00  
 1.499250e-03  -1.368760e+00   7.998610e-01   0.000000e+00   2.806700e-02  -3.569020e-02   0.000000e+00  
 1.499250e-03   4.121150e-01   2.664490e+00   0.000000e+00   2.518550e-01  -6.059550e-02   0.000000e+00  
 1.499250e-03  -3.969290e-01  -1.517820e+00   0.000000e+00   1.356330e-01   1.079550e-02   0.000000e+00  
 1.499250e-03   6.488760e-01  -3.761510e-01   0.000000e+00  -6.454530e-02   1.313450e-01   0.000000e+00  
 1.499250e-03  -2.558100e+00   8.328360e-01   0.000000e+00  -3.895380e-01  -1.348050e-01   0.000000e+00  
 1.499250e-03  -8.201200e-01   3.171360e+00   0.000000e+00  -2.589810e-01   6.594390e-02   0.000000e+00  
 1.499250e-03   1.613410e+00   1.138440e+00   0.000000e+00   2.213170e-01  -1.857690e-01   0.000000e+00  
 1.499250e-03  -8.551020e-01   1.547850e+00   0.000000e+00  -2.132610e-01  -7.707330e-03   0.000000e+00  
 1.499250e-03  -2.376910e-01  -3.396680e+00   0.000000e+00   2.092210e-01  -1.172910e-01   0.000000e+00  
 1.499250e-03  -3.190750e-02   1.905210e-01   0.000000e+00  -3.802230e-01  -1.515620e-01   0.000000e+00  
 1.499250e-03   1.750070e+00  -2.768510e+00   0.000000e+00   2.039160e-01  -1.687760e-01   0.000000e+00  
 1.499250e-03  -2.596760e+00  -4.141880e-01   0.000000e+00  -2.665440e-01   3.664040e-01   0.000000e+00  
 1.499250e-03  -2.319680e+00   1.687630e+00   0.000000e+00   2.982160e-01  -4.194490e-01   0.000000e+00  
 1.499250e-03  -1.115460e-01  -1.686770e+00   0.000000e+00  -3.627000e-02  -1.166190e-01   0.000000e+00  
 1.499250e-03  -2.030120e+00  -1.688580e+00   0.000000e+00  -2.639330e-01   1.110850e-01   0.000000e+00  
 1.499250e-03  -1.595310e+00  -2.849680e-01   0.000000e+00  -1.329960e-01   8.781600e-03   0.000000e+00  
 1.499250e-03   2.276260e+00   1.774320e+00   0.000000e+00  -1.513250e-01   1.593470e-01   0.000000e+00  
 1.499250e-03  -2.353810e+00   6.250860e-01   0.000000e+00   1.932150e-01   4.148810e-02   0.000000e+00  
 1.499250e-03  -2.866450e+00  -1.458920e-04   0.000000e+00  -4.746360e-01   7.391750e-03   0.000000e+00  
 1.499250e-03  -1.498600e+00  -6.556690e-01   0.000000e+00  -2.961590e-01  -3.395840e-01   0.000000e+00  
 1.499250e-03  -1.276260e+00   1.294120e+00   0.000000e+00  -3.536270e-02  -4.195920e-01   0.000000e+00  
 1.499250e-03   1.318220e+00  -1.750160e-01   0.000000e+00   3.174570e-01  -1.376750e-01   0.000000e+00  
 1.499250e-03   7.113560e-01  -2.738550e+00   0.000000e+00   3.098110e-02  -1.869790e-01   0.000000e+00  
 1.499250e-03  -8.731420e-01   1.309630e+00   0.000000e+00  -1.276850e-01   3.908210e-01   0.000000e+00  
 1.499250e-03   5.474770e-01   2.882810e-01   0.000000e+00  -2.943190e-01  -1.263750e-02   0.000000e+00  
 1.499250e-03   3.769690e-01  -1.842720e+00   0.000000e+00  -2.282060e-01  -2.832500e-01   0.000000e+00  
 1.499250e-03   1.839050e+00   9.147180e-01   0.000000e+00   4.887140e-01  -1.641580e-01   0.000000e+00  
 1.499250e-03  -5.492890e-02   2.404120e-01   0.000000e+00   9.137250e-02  -2.732180e-01   0.000000e+00  
 1.499250e-03   2.508410e-02  -1.527540e+00   0.000000e+00   2.518340e-01   1.239790e-01   0.000000e+00  
 1.499250e-03   6.093080e-01   1.726460e+00   0.000000e+00  -9.928300e-02  -1.509960e-01   0.000000e+00  
 1.499250e-03  -1.339010e+00   5.936490e-01   0.000000e+00   7.523980e-02  -4.953160e-01   0.000000e+00  
 1.499250e-03   1.814500e+00  -1.240460e+00   0.000000e+00  -1.316920e-01   5.639870e-01   0.000000e+00  
 1.499250e-03  -1.491520e+00   2.324470e+00   0.000000e+00  -1.039890e-01   1.265510e-01   0.000000e+00  
 1.499250e-03  -8.423780e-01  -3.263280e+00   0.000000e+00  -2.260390e-01   3.011410e-01   0.000000e+00  
 1.499250e-03  -9.800440e-02  -7.264590e-01   0.000000e+00  -8.592120e-02   4.203040e-01   0.000000e+00  
 1.499250e-03  -1.681230e+00  -4.516090e-01   0.000000e+00   9.781130e-02  -2.888190e-01   0.000000e+00  
 1.499250e-03   3.744440e-02  -3.374310e+00   0.000000e+00  -1.007260e-01   2.599600e-01   0.000000e+00  
 1.499250e-03   2.520470e+00   2.993860e+00   0.000000e+00   2.008280e-01   1.978780e-01   0.000000e+00  
 1.499250e-03  -6.233820e-01   2.294660e+00   0.000000e+00   2.198600e-01   9.566090e-02   0.000000e+00  
 1.499250e-03   7.093890e-01  -3.545630e-01   0.000000e+00  -4.113720e-02   2.563480e-02   0.000000e+00  
 1.499250e-03  -1.313780e+00   2.914300e+00   0.000000e+00   5.237410e-02  -7.073800e-02   0.000000e+00  
 1.499250e-03  -2.062350e+00   1.193750e+00   0.000000e+00  -2.308860e-01  -4.992170e-01   0.000000e+00  
 1.499250e-03   1.915220e+00  -2.969300e+00   0.000000e+00   2.936190e-01  -1.706590e-01   0.000000e+00  
 1.499250e-03  -3.458110e+00   6.223810e-01   0.000000e+00  -5.324900e-01  -1.884150e-01   0.000000e+00  
 1.499250e-03   1.592830e+00  -2.075630e+00   0.000000e+00  -2.603350e-01   8.865140e-02   0.000000e+00  
 1.499250e-03  -8.207520e-01  -7.289360e-01   0.000000e+00   2.148690e-01  -1.929610e-02   0.000000e+00  
 1.499250e-03   1.905010e+00  -1.281980e+00   0.000000e+00   6.559300e-02  -3.053020e-01   0.000000e+00  
 1.499250e-03  -1.031400e+00   1.824690e-01   0.000000e+00  -9.134900e-02   7.608210e-02   0.000000e+00  
 1.499250e-03  -2.099200e-01   4.988880e-01   0.000000e+00  -1.109940e-01   6.601690e-01   0.000000e+00  
 1.499250e-03  -2.915280e+00  -1.490340e+00   0.000000e+00  -1.526120e-01  -2.532620e-02   0.000000e+00  
 1.499250e-03  -1.872200e+00   1.852620e+00   0.000000e+00   6.406110e-02  -1.853630e-01   0.000000e+00  
 1.499250e-03  -4.518800e-01  -1.784710e+00   0.000000e+00  -1.321280e-01   1.703330e-01   0.000000e+00  
 1.499250e-03  -2.534160e+00   9.736860e-01   0.000000e+00  -5.324840e-02  -1.596150e-01   0.000000e+00  
 1.499250e-03   9.168700e-01   3.146000e+00   0.000000e+00  -4.144940e-01  -1.057120e-01   0.000000e+00  
 1.499250e-03  -2.109860e+00  -2.218460e-01   0.000000e+00  -4.872990e-01  -3.055200e-01   0.000000e+00  
 1.499250e-03   2.914470e+00  -1.443160e+00   0.000000e+00   5.921740e-03  -2.653080e-01   0.000000e+00  
 1.499250e-03  -9.726370e-01   3.072940e+00   0.000000e+00  -1.353190e-01  -1.463990e-01   0.000000e+00  
 1.499250e-03  -1.138100e+00  -6.308960e-01   0.000000e+00   3.138970e-01  -2.164630e-01   0.000000e+00  
 1.499250e-03   3.183320e-01   2.075980e-01   0.000000e+00   3.672770e-01  -1.519460e-02   0.000000e+00  
 1.499250e-03   1.803290e+00  -1.722360e+00   0.000000e+00   4.190320e-01   1.374320e-01   0.000000e+00  
 1.499250e-03   7.607000e-01  -2.777370e+00   0.000000e+00  -8.827920e-02  -2.311950e-01   0.000000e+00  
 1.499250e-03   1.166710e+00  -6.636240e-02   0.000000e+00  -5.242930e-01   2.653760e-02   0.000000e+00  
 1.499250e-03   1.335170e+00  -2.278920e+00   0.000000e+00  -8.053510e-02   8.844880e-03   0.000000e+00  
 1.499250e-03   1.741820e+00  -1.228950e+00   0.000000e+00   3.841920e-01  -2.813790e-01   0.000000e+00  
 1.499250e-03  -3.021220e+00   2.459230e+00   0.000000e+00   2.800330e-01  -1.975530e-01   0.000000e+00  
 1.499250e-03   1.254190e+00   3.296670e-01   0.000000e+00   3.508410e-01   2.879110e-01   0.000000e+00  
 1.499250e-03  -1.953100e-01  -3.460110e-02   0.000000e+00  -1.711460e-01  -2.273780e-01   0.000000e+00  
 1.499250e-03   2.508240e+00   2.870520e+00   0.000000e+00  -2.518290e-02  -1.605540e-01   0.000000e+00  
 1.499250e-03  -1.529830e+00   2.202430e+00   0.000000e+00   2.278820e-01  -1.202310e-01   0.000000e+00  
 1.499250e-03   2.984970e+00   7.851220e-01   0.000000e+00  -3.419980e-01  -1.129580e-01   0.000000e+00  
 1.499250e-03   2.169540e+00   6.018520e-01   0.000000e+00  -4.044010e-01   5.952240e-02   0.000000e+00  
 1.499250e-03  -5.306580e-01  -3.494350e-01   0.000000e+00   3.044650e-01  -2.783730e-01   0.000000e+00  
 1.499250e-03   6.901850e-01   2.589420e+00   0.000000e+00   1.890250e-02   3.549010e-01   0.000000e+00  
 1.499250e-03   1.239060e+00  -2.267540e+00   0.000000e+00   2.822250e-01  -3.465030e-01   0.000000e+00  
 1.499250e-03   2.922280e+00   1.113220e+00   0.000000e+00   2.432120e-01  -3.369790e-01   0.000000e+00  
 1.499250e-03   2.813530e+00   1.359570e-01   0.000000e+00   4.245650e-01   1.151130e-02   0.000000e+00  
 1.499250e-03  -6.079500e-01   2.783450e+00   0.000000e+00  -1.622910e-01  -3.251510e-01   0.000000e+00  
 1.499250e-03   1.328290e-01  -2.295780e+00   0.000000e+00  -2.737720e-01  -1.571060e-02   0.000000e+00  
 1.499250e-03  -1.190400e+00  -1.485690e+00   0.000000e+00   4.443730e-01  -2.016120e-01   0.000000e+00  
 1.499250e-03  -2.377180e+00   1.335910e+00   0.000000e+00  -4.895130e-01  -4.103130e-02   0.000000e+00  
 1.499250e-03   4.088110e-01   2.226560e+00   0.000000e+00  -2.362900e-01   1.212120e-01   0.000000e+00  
 1.499250e-03   1.820250e+00   1.218240e-01   0.000000e+00   8.983450e-02  -1.690930e-01   0.000000e+00  
 1.499250e-03   2.264320e+00   9.506040e-01   0.000000e+00  -2.822200e-01   1.933540e-01   0.000000e+00  
 1.499250e-03   3.389730e-01  -2.067240e+00   0.000000e+00  -3.521520e-01   5.573030e-02   0.000000e+00  
 1.499250e-03  -1.569670e+00  -6.490250e-01   0.000000e+00   4.183690e-01   3.432310e-02   0.000000e+00  
 1.499250e-03   1.302350e+00  -1.706720e+00   0.000000e+00   2.970730e-02  -3.349840e-01   0.000000e+00  
 1.499250e-03  -1.830000e+00   9.314520e-01   0.000000e+00   2.149440e-01   2.726500e-01   0.000000e+00  
 1.499250e-03   6.672090e-01   1.919220e+00   0.000000e+00   4.221450e-02   7.341810e-02   0.000000e+00  
 1.499250e-03   2.874290e+00  -8.458480e-01   0.000000e+00  -2.874740e-01  -4.511460e-01   0.000000e+00  
 1.499250e-03  -3.186780e-01  -1.905730e+00   0.000000e+00   1.198790e-01   3.060730e-01   0.000000e+00  
 1.499250e-03  -1.637710e+00  -2.232610e+00   0.000000e+00   5.336550e-02  -1.600590e-01   0.000000e+00  
 1.499250e-03  -3.014350e-03  -1.206770e-01   0.000000e+00   2.891550e-01  -5.567720e-01   0.000000e+00  
 1.499250e-03   1.277520e+00  -6.220750e-01   0.000000e+00   2.050330e-01   1.033170e-01   0.000000e+00  
 1.499250e-03   9.739780e-01  -2.440260e+00   0.000000e+00   2.606720e-01   1.142110e-01   0.000000e+00  
 1.499250e-03   7.505530e-01  -1.247580e-02   0.000000e+00  -1.043910e-01  -8.124460e-02   0.000000e+00  
 1.499250e-03  -2.809260e+00   7.217740e-01   0.000000e+00  -3.015730e-01  -2.975320e-01   0.000000e+00  
 1.499250e-03   9.312960e-01  -1.243480e+00   0.000000e+00   4.520180e-01  -2.292180e-01   0.000000e+00  
 1.499250e-03  -1.181720e+00   1.103230e+00   0.000000e+00   1.747400e-01  -3.386420e-01   0.000000e+00  
 1.499250e-03  -2.965170e+00  -2.321020e+00   0.000000e+00  -1.268890e-01  -2.768440e-01   0.000000e+00  
 1.499250e-03   7.944640e-01   1.170730e+00   0.000000e+00   3.508880e-02  -1.140290e-01   0.000000e+00  
 1.499250e-03  -7.918600e-01   2.578360e+00   0.000000e+00   4.397530e-01  -3.234930e-02   0.000000e+00  
 1.499250e-03   1.122170e+00   1.814320e+00   0.000000e+00  -4.720530e-01  -2.495610e-01   0.000000e+00  
 1.499250e-03   9.928740e-01  -2.600470e+00   0.000000e+00  -3.914760e-01  -6.414860e-02   0.000000e+00  
 1.499250e-03   5.116690e-01  -3.764450e+00   0.000000e+00  -5.103620e-03  -2.947410e-01   0.000000e+00  
 1.499250e-03   2.631830e+00  -2.228570e-01   0.000000e+00   2.231540e-01  -2.552770e-01   0.000000e+00  
 1.499250e-03  -1.669620e-02  -1.661340e+00   0.000000e+00  -6.109620e-02   2.292410e-01   0.000000e+00  
 1.499250e-03  -9.096760e-01   1.264520e-01   0.000000e+00   4.803320e-01   2.853350e-01   0.000000e+00  
 1.499250e-03  -1.726300e+00   6.537660e-01   0.000000e+00   3.203890e-01   6.377340e-02   0.000000e+00  
 1.499250e-03   1.223900e+00  -1.000050e+00   0.000000e+00  -3.664690e-01  -1.319170e-01   0.000000e+00  
 1.499250e-03   7.688050e-01  -1.037430e+00   0.000000e+00   5.284470e-02  -2.064130e-01   0.000000e+00  
 1.499250e-03  -9.894870e-01  -1.901780e-01   0.000000e+00   4.258010e-02   1.328850e-01   0.000000e+00  
 1.499250e-03   1.337810e+00  -2.799840e+00   0.000000e+00   5.216400e-02  -2.123670e-01   0.000000e+00  
 1.499250e-03   8.150090e-01  -2.633480e+00   0.000000e+00  -7.544720e-02   3.962930e-01   0.000000e+00  
 1.499250e-03   6.528200e-01   7.689600e-01   0.000000e+00  -4.355790e-02   2.114630e-01   0.000000e+00  
 1.499250e-03  -5.415470e-01  -2.919500e+00   0.000000e+00  -7.665770e-02   1.708630e-01   0.000000e+00  
 1.499250e-03   1.351780e+00   5.959450e-01   0.000000e+00   1.360220e-02   5.477480e-01   0.000000e+00  
 1.499250e-03   9.592220e-01   1.711930e+00   0.000000e+00  -5.688680e-01   2.576390e-01   0.000000e+00  
 1.499250e-03  -1.141400e-02   3.808320e+00   0.000000e+00   5.297360e-02   5.614240e-01   0.000000e+00  
 1.499250e-03  -1.247850e-01  -7.392460e-02   0.000000e+00  -1.016280e+00  -4.395490e-02   0.000000e+00  
 1.499250e-03   2.123490e+00   1.326330e+00   0.000000e+00  -4.174390e-02   1.650740e-01   0.000000e+00  
 1.499250e-03  -1.103050e-01   7.667900e-01   0.000000e+00   7.887280e-02  -2.300960e-02   0.000000e+00  
 1.499250e-03  -2.559900e+00  -2.813880e+00   0.000000e+00   1.133740e-01  -6.954880e-02   0.000000e+00  
 1.499250e-03  -1.917280e+00  -2.134170e+00   0.000000e+00  -1.707080e-01   3.435460e-03   0.000000e+00  
 1.499250e-03   5.687180e-01   2.825290e+00   0.000000e+00   3.839290e-01  -2.232360e-01   0.000000e+00  
 1.499250e-03   9.615090e-01  -2.600070e+00   0.000000e+00  -1.700410e-02  -2.299480e-01   0.000000e+00  
 1.499250e-03  -2.008110e+00  -3.349190e+00   0.000000e+00   1.668000e-01   1.334290e-01   0.000000e+00  
 1.499250e-03   2.430600e+00   9.902690e-01   0.000000e+00  -4.936350e-01  -1.237540e-01   0.000000e+00  
 1.499250e-03   1.329980e+00   3.105400e-01   0.000000e+00   2.720170e-01  -1.699640e-01   0.000000e+00  
 1.499250e-03   1.101220e-01  -3.506660e-01   0.000000e+00   3.609420e-02  -5.110080e-02   0.000000e+00  
 1.499250e-03  -6.607780e-01  -3.050830e+00   0.000000e+00   2.572120e-01  -1.877850e-01   0.000000e+00  
 1.499250e-03  -1.721560e+00  -8.275160e-01   0.000000e+00  -1.061660e-01   3.257110e-01   0.000000e+00  
 1.499250e-03  -2.210270e+00  -1.284270e+00   0.000000e+00  -1.192530e-01  -1.832200e-01   0.000000e+00  
 1.499250e-03   1.504010e+00   2.465320e+00   0.000000e+00   3.020780e-01   2.266280e-01   0.000000e+00  
 1.499250e-03  -2.574370e-02   3.083630e+00   0.000000e+00   5.385950e-02  -1.955940e-01   0.000000e+00  
 1.499250e-03   1.044650e+00   1.680520e+00   0.000000e+00   2.562300e-01  -6.084870e-02   0.000000e+00  
 1.499250e-03   1.983860e+00   1.434190e+00   0.000000e+00  -2.269010e-01  -1.162360e-01   0.000000e+00  
 1.499250e-03  -4.163100e-02   3.497540e+00   0.000000e+00   5.611820e-02  -3.672030e-01   0.000000e+00  
 1.499250e-03  -9.230860e-01  -1.937220e+00   0.000000e+00   1.920160e-01   2.108530e-02   0.000000e+00  
 1.499250e-03  -1.171830e+00   1.096810e-01   0.000000e+00  -3.579250e-01  -2.652610e-01   0.000000e+00  
 1.499250e-03   2.637110e+00   2.570870e+00   0.000000e+00   9.897210e-02   9.486220e-02   0.000000e+00  
 1.499250e-03   2.301810e+00   1.996640e-01   0.000000e+00   1.766170e-02   7.126810e-02   0.000000e+00  
 1.499250e-03   3.213330e+00  -4.776070e-01   0.000000e+00  -3.430540e-01   6.040410e-02   0.000000e+00  
 1.499250e-03  -1.568780e+00  -1.606840e+00   0.000000e+00  -3.433890e-01   1.265560e-01   0.000000e+00  
 1.499250e-03  -3.741510e+00   8.259820e-01   0.000000e+00   1.640370e-01  -8.363370e-02   0.000000e+00  
 1.499250e-03   1.027680e-01   1.906350e+00   0.000000e+00  -1.096690e-01  -3.960400e-02   0.000000e+00  
 1.499250e-03   1.604440e+00  -2.138010e+00   0.000000e+00   1.391360e-01   4.790000e-01   0.000000e+00  
 1.499250e-03   8.986280e-01  -1.004440e-01   0.000000e+00   5.008750e-01   8.454890e-02   0.000000e+00  
 1.499250e-03   2.326500e+00   2.872950e-01   0.000000e+00   2.358800e-01  -6.846100e-02   0.000000e+00  
 1.499250e-03   1.325880e+00  -8.823120e-01   0.000000e+00   1.450610e-02   7.333160e-02   0.000000e+00  
 1.499250e-03  -1.614270e+00   2.634700e-01   0.000000e+00  -3.858930e-01  -6.007040e-02   0.000000e+00  
 1.499250e-03   2.298290e-01   1.781420e+00   0.000000e+00  -1.505750e-01   4.133060e-02   0.000000e+00  
 1.499250e-03   1.990100e+00   6.753280e-01   0.000000e+00   1.656750e-01  -1.056500e-01   0.000000e+00  
 1.499250e-03   6.926880e-01   2.976630e+00   0.000000e+00   1.266480e-01  -1.142510e-01   0.000000e+00  
 1.499250e-03  -2.333660e-01   5.990240e-01   0.000000e+00  -1.325630e-01   1.307480e-01   0.000000e+00  
 1.499250e-03   2.105030e+00  -1.137680e+00   0.000000e+00   3.460340e-01   2.194830e-01   0.000000e+00  
 1.499250e-03  -1.656150e+00   5.809090e-01   0.000000e+00  -2.755360e-01   1.059870e-01   0.000000e+00  
 1.499250e-03   2.119250e+00  -1.390130e+00   0.000000e+00   4.177660e-02  -4.889620e-01   0.000000e+00  
 1.499250e-03  -2.265890e+00  -8.862620e-02   0.000000e+00  -3.548730e-01   2.069950e-01   0.000000e+00  
 1.499250e-03  -2.526500e+00   2.828460e+00   0.000000e+00  -6.209320e-02   3.132300e-01   0.000000e+00  
 1.499250e-03  -1.880330e+00  -2.504390e+00   0.000000e+00  -2.681830e-01   3.210550e-01   0.000000e+00  
 1.499250e-03  -8.136700e-01   3.788310e+00   0.000000e+00  -5.444450e-02   1.789240e-01   0.000000e+00  
 1.499250e-03   1.910010e-01   5.040650e-01   0.000000e+00   1.870520e-01  -1.948570e-01   0.000000e+00  
 1.499250e-03  -1.833650e-01  -2.082170e-01   0.000000e+00   7.933690e-02  -6.960820e-02   0.000000e+00  
 1.499250e-03  -4.215140e-01  -3.590530e+00   0.000000e+00   7.781420e-02  -3.622700e-02   0.000000e+00  
 1.499250e-03  -1.863490e-01   1.033660e-01   0.000000e+00  -7.130120e-02   2.797890e-01   0.000000e+00  
 1.499250e-03  -3.962000e-02  -3.259970e-01   0.000000e+00   1.736570e-01  -3.051820e-01   0.000000e+00  
 1.499250e-03  -3.612130e-01   2.444770e-01   0.000000e+00   2.501600e-01  -1.127390e-01   0.000000e+00  
 1.499250e-03   2.753760e+00  -1.605310e+00   0.000000e+00   2.637860e-01   2.686610e-01   0.000000e+00  
 1.499250e-03  -1.273590e+00  -2.284860e+00   0.000000e+00  -1.315290e-01  -2.246200e-04   0.000000e+00  
 1.499250e-03   1.517220e+00  -1.106670e+00   0.000000e+00   4.356820e-01   3.454960e-01   0.000000e+00  
 1.499250e-03  -1.244940e-01  -2.309250e+00   0.000000e+00   1.112820e-01   2.403310e-01   0.000000e+00  
 1.499250e-03  -2.128240e+00  -1.316150e+00   0.000000e+00   1.583760e-01   9.068030e-02   0.000000e+00  
 1.499250e-03   8.319960e-01  -1.152930e+00   0.000000e+00  -1.276450e-01   9.200610e-02   0.000000e+00  
 1.499250e-03  -2.663500e+00   4.851170e-01   0.000000e+00   1.563160e-01   2.998940e-01   0.000000e+00  
 1.499250e-03  -2.936730e+00   9.463030e-01   0.000000e+00   5.973140e-02   4.425410e-01   0.000000e+00  
 1.499250e-03   3.097250e-01  -1.814580e+00   0.000000e+00  -7.306690e-02  -1.780720e-01   0.000000e+00  
 1.499250e-03  -2.250930e+00   3.052630e-01   0.000000e+00   6.970980e-02  -2.842710e-03   0.000000e+00  
 1.499250e-03  -8.429840e-01   1.875990e+00   0.000000e+00  -1.616980e-01   1.137940e-01   0.000000e+00  
 1.499250e-03   1.863190e+00  -9.570960e-01   0.000000e+00   1.720090e-01   2.676870e-01   0.000000e+00  
 1.499250e-03   2.999760e+00  -1.372590e+00   0.000000e+00   8.786730e-02  -7.913340e-02   0.000000e+00  
 1.499250e-03   5.131420e-01   1.178290e+00   0.000000e+00  -2.787570e-01  -1.161160e-02   0.000000e+00  
 1.499250e-03  -3.001560e+00   5.939030e-01   0.000000e+00   5.188950e-01  -2.726440e-01   0.000000e+00  
 1.499250e-03  -1.265860e+00   2.308610e+00   0.000000e+00   1.621130e-01  -8.673510e-03   0.000000e+00  
 1.499250e-03   2.183470e+00  -1.133610e+00   0.000000e+00  -7.465680e-02   2.759410e-01   0.000000e+00  
 1.499250e-03   1.604840e+00  -2.774100e+00   0.000000e+00  -3.352760e-01   6.822340e-02   0.000000e+00  
 1.499250e-03  -6.586810e-01  -1.780390e+00   0.000000e+00  -8.836110e-02  -2.601450e-01   0.000000e+00  
 1.499250e-03   8.515060e-02   5.193230e-01   0.000000e+00   2.143680e-01   6.205460e-02   0.000000e+00  
 1.499250e-03  -1.858540e+00   1.899920e+00   0.000000e+00   3.602040e-01  -2.254340e-01   0.000000e+00  
 1.499250e-03  -9.682910e-01  -3.496880e+00   0.000000e+00  -1.457530e-01  -1.956770e-01   0.000000e+00  
 1.499250e-03  -1.270340e+00   1.725250e+00   0.000000e+00   1.830150e-01   3.109100e-02   0.000000e+00  
 1.499250e-03  -5.049090e-02   6.318630e-01   0.000000e+00   3.170390e-01  -1.948400e-01   0.000000e+00  
 1.499250e-03   1.797070e+00  -5.462860e-02   0.000000e+00   3.140950e-01   9.551260e-03   0.000000e+00  
 1.499250e-03  -3.183840e+00  -5.514280e-01   0.000000e+00  -1.830390e-01  -1.009100e-01   0.000000e+00  
 1.499250e-03  -2.193290e-01   1.444090e-01   0.000000e+00  -1.497930e-01  -1.433170e-01   0.000000e+00  
 1.499250e-03   2.302410e+00   3.231550e-01   0.000000e+00   1.999770e-01   1.642610e-01   0.000000e+00  
 1.499250e-03   1.722220e+00  -1.834330e+00   0.000000e+00   1.551030e-01  -4.133380e-01   0.000000e+00  
 1.499250e-03   6.726630e-01  -3.364390e+00   0.000000e+00   3.986340e-02  -5.224740e-01   0.000000e+00  
 1.499250e-03  -8.445040e-01  -1.690750e+00   0.000000e+00  -4.167170e-01   1.888160e-01   0.000000e+00  
 1.499250e-03   1.437760e+00   1.822670e+00   0.000000e+00  -4.120370e-01  -2.485360e-02   0.000000e+00  
 1.499250e-03   6.138700e-01   2.251370e+00   0.000000e+00  -1.911750e-01  -2.991100e-01   0.000000e+00  
 1.499250e-03  -1.059400e+00   6.930600e-01   0.000000e+00  -1.995800e-01  -1.798000e-01   0.000000e+00  
 1.499250e-03   3.079360e-01   1.060500e+00   0.000000e+00   3.086220e-01   2.375630e-01   0.000000e+00  
 1.499250e-03  -8.786220e-01   2.894620e+00   0.000000e+00  -9.412340e-02  -1.333100e-01   0.000000e+00  
 1.499250e-03   3.359970e+00   3.119260e-02   0.000000e+00  -1.569580e-01  -2.952080e-01   0.000000e+00  
 1.499250e-03   2.022140e+00   2.193760e-01   0.000000e+00   1.597710e-01   3.825430e-01   0.000000e+00  
 1.499250e-03   7.028830e-01  -2.305970e-01   0.000000e+00  -1.843230e-01  -1.921200e-01   0.000000e+00  
 1.499250e-03   1.416500e+00  -2.002030e+00   0.000000e+00  -2.406280e-01  -3.272370e-01   0.000000e+00  
 1.499250e-03  -8.682650e-01   6.742730e-01   0.000000e+00  -1.268160e-01   3.341660e-03   0.000000e+00  
 1.499250e-03   3.569080e-01  -2.435930e-04   0.000000e+00  -2.389290e-01   4.300940e-01   0.000000e+00  
 1.499250e-03   9.955010e-01   2.504320e+00   0.000000e+00   1.370930e-01   1.954360e-01   0.000000e+00  
 1.499250e-03  -1.970730e+00   2.292190e+00   0.000000e+00   5.830370e-02  -2.897620e-02   0.000000e+00  
 1.499250e-03   1.321440e+00  -2.178230e+00   0.000000e+00  -2.056150e-02   1.683160e-01   0.000000e+00  
 1.499250e-03  -1.990350e+00  -1.651960e+00   0.000000e+00   1.204670e-01   6.635100e-02   0.000000e+00  
 1.499250e-03  -3.996340e-01   6.280090e-01   0.000000e+00   1.827010e-01  -3.471920e-01   0.000000e+00  
 1.499250e-03  -3.005570e+00   3.953350e-01   0.000000e+00  -1.147860e-01  -1.861870e-01   0.000000e+00  
 1.499250e-03   1.458280e+00   1.458170e+00   0.000000e+00   2.681730e-01   1.141210e-01   0.000000e+00  
 1.499250e-03  -1.731930e+00   2.654940e-01   0.000000e+00   1.383370e-01  -7.786590e-02   0.000000e+00  
 1.499250e-03  -2.253120e+00   1.434850e+00   0.000000e+00  -4.002400e-01  -1.420670e-01   0.000000e+00  
 1.499250e-03  -1.661680e+00   1.514520e+00   0.000000e+00   1.800690e-01  -2.035570e-01   0.000000e+00  
 1.499250e-03  -1.433100e+00  -1.424790e-01   0.000000e+00   1.009610e-01   2.168220e-01   0.000000e+00  
 1.499250e-03   2.093300e+00   2.203150e+00   0.000000e+00  -6.647590e-02  -1.780290e-01   0.000000e+00  
 1.499250e-03  -1.835130e-01   1.513590e+00   0.000000e+00  -1.447720e-01  -4.697680e-02   0.000000e+00  
 1.499250e-03   9.002910e-01  -9.127770e-01   0.000000e+00  -2.002230e-01  -9.137220e-02   0.000000e+00  
 1.499250e-03  -1.088720e+00   1.606470e+00   0.000000e+00   1.215040e-01   1.856250e-01   0.000000e+00  
 1.499250e-03   3.152970e+00   1.637530e+00   0.000000e+00  -2.118880e-01  -2.058470e-01   0.000000e+00  
 1.499250e-03   9.513300e-01   5.373060e-01   0.000000e+00  -3.090790e-01   1.944900e-01   0.000000e+00  
 1.499250e-03  -1.967550e+00  -7.750420e-01   0.000000e+00  -4.341280e-01  -1.318580e-01   0.000000e+00  
 1.499250e-03  -1.641860e+00  -1.595040e+00   0.000000e+00  -3.914350e-02  -1.484290e-01   0.000000e+00  
 1.499250e-03   1.913720e+00   1.960090e+00   0.000000e+00  -3.767780e-02  -1.341100e-01   0.000000e+00  
 1.499250e-03  -1.263160e+00   2.820400e+00   0.000000e+00  -4.529900e-01   3.283760e-01   0.000000e+00  
 1.000000e+00   0.000000e+00   0.000000e+00   0.000000e+00   0.000000e+00   0.000000e+00   0.000000e+00  
 2.000000e+00   0.000000e+00   0.000000e+00   5.000000e+00   0.000000e+00   0.000000e+00  -5.000000e+00  
