20   0.0000000e+00
 1.6145873e-01 -7.2263598e-02  2.5000912e-01 -1.8908429e-01 -2.2767368e-01 -4.9609077e-01 -2.2818935e-01
 1.6145873e-01  1.9955173e-02 -2.6219584e-02  8.6152591e-03 -1.4634728e-01 -1.7309283e-01  2.1973222e-01
 1.6145873e-01  1.9356588e-01 -4.0698898e-01  3.0198395e-01  5.8949985e-02  2.2036996e-01  9.6093714e-03
 1.6145873e-01  3.7264656e-02 -2.9672757e-02  4.1314393e-02  8.3442944e-01  2.1753050e-02 -2.9422790e-01
 1.6145873e-01  6.7693301e-02  2.0060712e-01 -7.3977359e-02 -3.1504503e-01  6.8072701e-01  3.9208990e-01
 1.6145873e-01  8.8303126e-03 -2.0007080e-01 -1.2022350e-01  2.0172444e-01 -7.1929246e-02  5.1088832e-02
 1.6145873e-01 -1.5099472e-01  2.3617610e-01  2.3509145e-01 -6.9241226e-02  6.3515967e-01  6.9739324e-01
 1.6145873e-01 -2.1023898e-01 -3.2858685e-01 -1.1067898e-01 -1.5827131e-01 -4.8591930e-01 -3.2386684e-01
 1.6145873e-01 -1.3639197e-01 -2.3471616e-02  1.1921991e-01 -8.9559481e-02 -2.9375279e-01 -2.2768059e-01
 1.6145873e-01 -2.0981120e-01  3.4416959e-02  8.6735271e-02  1.4181232e-01  7.1236587e-01  9.3741514e-02
 1.6145873e-01 -1.6934036e-01  6.9483235e-02  4.3132834e-02 -2.0016205e-01 -7.8016281e-01 -4.3993124e-01
 1.6145873e-01  2.1901494e-02 -2.8401949e-02 -9.3661234e-02  1.8141446e-01  2.8800911e-01 -7.0922250e-01
 1.6145873e-01 -3.2882463e-02  1.2624806e-01 -2.6614252e-01  3.1189728e-01 -9.6529716e-01 -2.1060801e-01
 1.6145873e-01  2.6398715e-01 -1.3264644e-01 -1.5737669e-01 -9.7988337e-01  4.2792201e-01  1.0577759e+00
 1.6145873e-01  8.5867889e-02  3.7304044e-01 -5.8952503e-02 -3.2672775e-01  6.8630248e-01 -2.0165738e-01
 1.6145873e-01 -1.7152749e-02 -5.9354618e-02  2.2924486e-01  2.5853944e-01 -4.1225359e-02 -8.3316173e-03
 1.6145873e-01  3.9290088e-01 -2.1166769e-01  1.5003197e-02  6.1891401e-01 -5.6000680e-02 -4.0326256e-01
 1.6145873e-01 -5.5409182e-02  3.0691540e-01 -3.2361452e-02 -5.1446295e-01  5.0782400e-01 -2.1954092e-01
 1.6145873e-01 -5.3314935e-02 -1.1816073e-01 -2.9553074e-02  1.8781266e-01  4.9456995e-02  2.2508323e-02
 1.6145873e-01  1.5833270e-02 -3.1654492e-02  5.1670529e-02  2.3188013e-01 -8.6641902e-01  7.2257960e-01
