80   0.0000000e+00
 1.0882227e-02 -6.7710048e-01 -1.4677510e+00  1.5317944e-01  7.9189956e-01 -4.1166365e-01 -5.5806823e-02
 1.0882227e-02 -1.7874157e-01 -4.0534191e-02  7.0142604e-02  2.4155861e-01 -8.3120733e-01 -4.5857351e-02
 1.0882227e-02  2.2959523e+00  5.2884048e-01  1.2803029e-01 -2.4346375e-01  1.0954502e+00 -6.2440326e-03
 1.0882227e-02 -2.3511100e+00 -1.8365568e+00 -4.2621974e-02  5.1699787e-01 -6.5221548e-01 -2.3423705e-02
 1.0882227e-02  7.6536936e-01 -3.4566438e+00  1.4874940e-01  9.2650789e-01  2.0639798e-01 -1.4522589e-02
 1.0882227e-02 -2.8216546e+00 -1.7000045e+00 -1.7859679e-01  4.7498196e-01 -7.0754093e-01  5.0383322e-02
 1.0882227e-02 -2.2243094e+00  6.3018751e-01  1.5337947e-01 -1.9413209e-01 -8.2738668e-01  2.1233520e-02
 1.0882227e-02 -6.5279526e-01  2.2651713e+00 -1.5043719e-01 -8.6721903e-01 -2.8867677e-01 -1.7486244e-01
 1.0882227e-02 -8.3179194e-01 -4.5501670e-01 -1.0444129e-01  3.6500233e-01 -7.3659474e-01  9.2365354e-02
 1.0882227e-02 -2.1977222e-01 -5.8186466e-01 -9.1651529e-02  7.3375851e-01 -5.2704704e-01 -1.9776790e-01
 1.0882227e-02 -2.5953681e+00 -1.6827610e+00  1.3440974e-01  4.9508905e-01 -6.7250776e-01  8.2014844e-02
 1.0882227e-02  2.3132265e+00 -1.9226036e+00 -7.4202627e-02  6.5502387e-01  8.2357961e-01 -1.2753056e-01
 1.0882227e-02  2.4224396e+00 -1.1352136e-01 -3.3323191e-02  9.6058831e-02  1.0849326e+00 -4.0720105e-02
 1.0882227e-02 -3.4496409e-01  1.1009038e-01  1.0996880e-02 -9.2074364e-02 -8.1958175e-01  2.1269044e-02
 1.0882227e-02 -2.9112365e+00  1.5999637e+00 -1.8373637e-02 -4.0401971e-01 -7.3125315e-01 -2.5126480e-02
 1.0882227e-02 -3.5917006e+00 -2.3358376e+00  2.0213687e-01  4.4523862e-01 -6.5838826e-01 -2.8834175e-02
 1.0882227e-02 -1.9151490e+00  3.5867190e-01  2.4688423e-02 -1.1132050e-01 -8.3247805e-01 -3.2391138e-02
 1.0882227e-02  2.1733797e+00  6.5158153e-01  7.6602407e-02 -3.9877784e-01  1.0140162e+00  3.4249842e-02
 1.0882227e-02  4.6052408e-01 -2.1840742e-01 -7.2309740e-02  9.7039819e-01  1.6991754e-01  1.5814085e-01
 1.0882227e-02 -2.7972603e+00 -2.4706719e+00  2.5210744e-03  5.7487857e-01 -5.8629692e-01  1.3472321e-03
 1.0882227e-02  1.8489296e+00 -3.1133988e-01 -5.4255366e-02  2.4161243e-01  1.0779641e+00  1.1136340e-02
 1.0882227e-02  2.6778513e-01 -5.2707709e-02 -6.3907966e-02  7.1929431e-01 -4.0245312e-01  2.3876989e-01
 1.0882227e-02  2.8259161e+00 -2.6332171e+00  8.7641522e-02  6.9540143e-01  7.5656509e-01  1.6303740e-02
 1.0882227e-02  1.7383036e-01 -2.4277082e-01 -2.9105742e-02  8.5160011e-01 -3.9214128e-01 -2.0551728e-01
 1.0882227e-02  1.9883493e-01  2.0441461e+00 -7.6995581e-02 -9.9484146e-01  8.5701719e-02  1.3206322e-01
 1.0882227e-02  2.4633461e-01 -9.2617947e-01 -1.8236713e-01  9.1214550e-01 -1.6985774e-02 -1.3601376e-01
 1.0882227e-02  7.3144197e-01 -8.7373871e-01  7.3206730e-02  9.3332845e-01  4.6209693e-01 -6.8785042e-02
 1.0882227e-02  6.8425286e-01 -5.4977846e-01  1.8724306e-01  9.0929085e-01  4.3490720e-01 -1.7667671e-01
 1.0882227e-02 -1.1252429e+00  2.2860322e+00 -3.0393705e-02 -7.8416824e-01 -4.5519245e-01  5.2097361e-03
 1.0882227e-02 -1.0129628e+00  1.4790721e+00 -1.0857340e-02 -6.8800122e-01 -5.9161997e-01 -6.9108918e-02
 1.0882227e-02  1.0911727e-01  5.9093505e-01 -1.3287671e-01 -8.6746866e-01 -3.6804050e-01  9.7860970e-02
 1.0882227e-02 -5.4427677e-01 -8.0391467e-01 -1.5932557e-01  5.7520789e-01 -6.4795673e-01 -1.4559634e-01
 1.0882227e-02  1.4233906e+00 -7.6385713e-01  7.2634466e-02  6.0391593e-01  9.2283076e-01  1.9582248e-01
 1.0882227e-02  7.3387980e-01  7.1378386e-01 -6.4475454e-02 -8.6662698e-01  6.1453891e-01 -2.7484354e-01
 1.0882227e-02 -4.4388735e-01  1.4547924e+00  5.4632691e-03 -8.4927756e-01 -3.7559432e-01 -1.7904729e-01
 1.0882227e-02  3.5164986e+00  3.1636267e+00 -8.7947771e-03 -6.8863291e-01  8.0011404e-01  5.2038975e-02
 1.0882227e-02 -2.7182710e+00  2.8800547e-01 -2.2665750e-02 -6.9507532e-02 -8.5628587e-01 -1.8952671e-02
 1.0882227e-02  5.5985349e-01  1.1331253e+00 -3.1022685e-02 -1.0275970e+00  2.7015150e-01 -4.0406357e-02
 1.0882227e-02 -2.7063823e+00 -2.2889121e+00  8.2374036e-02  5.6510365e-01 -6.1842078e-01  3.3915536e-03
 1.0882227e-02 -4.4786263e-01  1.2476445e+00 -5.6209803e-02 -7.5015783e-01 -4.9702567e-01  7.5773351e-02
 1.0882227e-02  2.1570730e-01  1.4928366e+00  1.2101981e-01 -1.0054159e+00  4.3058097e-02 -1.6064264e-02
 1.0882227e-02  7.0449340e-01 -7.0114799e-02 -7.1423225e-02  5.3508180e-01  1.0286794e+00 -1.7569251e-01
 1.0882227e-02  2.5080261e+00  3.7718461e+00  3.6373466e-02 -8.2885969e-01  6.2624091e-01  3.5473764e-02
 1.0882227e-02  2.9739363e+00  9.6625930e-01  3.6414720e-02 -3.1138110e-01  1.0513172e+00 -1.6164429e-02
 1.0882227e-02 -7.4641699e-01 -1.7744806e+00 -1.1873305e-02  8.2297868e-01 -3.3813766e-01  8.7491684e-02
 1.0882227e-02 -1.6389832e+00  3.0324986e+00  7.9519957e-02 -8.1029409e-01 -4.0633643e-01  5.9278604e-02
 1.0882227e-02 -5.5333805e-01 -3.7448478e+00  1.6311735e-01  8.9775515e-01 -8.8811293e-02 -1.8713098e-02
 1.0882227e-02  9.8992944e-01 -3.6714184e-01 -3.4900241e-02  6.0214949e-01  9.1385359e-01  1.0523388e-01
 1.0882227e-02  1.0439436e+00  1.4702365e+00  2.8106062e-02 -8.8507587e-01  4.7345856e-01 -1.2757953e-01
 1.0882227e-02  6.4888191e-01  1.3227180e+00  2.0748354e-02 -9.8945677e-01  2.8389835e-01  7.3003285e-02
 1.0882227e-02 -4.8789382e-01  9.0005702e-01 -3.7416585e-02 -7.0356286e-01 -5.8500832e-01 -6.7635596e-02
 1.0882227e-02 -7.2837144e-01 -7.9825372e-01  6.5550968e-02  6.1840320e-01 -5.2737391e-01 -4.7218449e-02
 1.0882227e-02  8.1767750e-01  2.6855030e+00 -1.5859161e-01 -1.0054036e+00  2.7843022e-01  3.8393732e-02
 1.0882227e-02 -3.9732361e-01  1.2835335e+00 -5.7708278e-02 -7.9436934e-01 -3.8800943e-01 -5.4972628e-03
 1.0882227e-02  1.3735123e+00 -1.5350231e+00 -8.7758511e-02  8.1243950e-01  6.1638433e-01 -2.0059881e-01
 1.0882227e-02  1.6876299e+00  2.0260680e-01 -1.2714307e-01 -1.1067317e-01  1.0813677e+00  1.0050266e-01
 1.0882227e-02 -1.8067086e+00 -7.2646165e-01  1.0320976e-01  2.9530537e-01 -7.6445174e-01  3.7367661e-02
 1.0882227e-02  2.6867545e-01  1.6881599e+00 -6.0200997e-02 -9.5429128e-01  5.8361195e-02  1.4521602e-01
 1.0882227e-02  3.2795784e-01  1.2783540e+00 -5.7117492e-02 -9.7255760e-01  1.3205400e-01  2.6377505e-01
 1.0882227e-02  1.0493724e+00  2.5712783e+00 -4.2276636e-02 -9.4988316e-01  3.5710412e-01  1.0341596e-01
 1.0882227e-02 -2.3832273e-01  1.4612534e+00 -2.5716169e-02 -8.7450701e-01 -3.0328503e-01 -8.4742717e-02
 1.0882227e-02  1.5510390e+00  2.8693488e-01  1.6091348e-01 -1.0452615e-01  1.0858842e+00 -8.6771704e-02
 1.0882227e-02  1.6649597e+00  2.0223486e-01 -6.5009013e-02 -1.2595093e-01  1.1102908e+00  1.1291260e-01
 1.0882227e-02  8.1879991e-01 -2.1229875e+00 -8.2069062e-02  9.3376356e-01  3.3401513e-01  7.1887217e-02
 1.0882227e-02 -4.0352458e-01 -1.4641292e+00  6.2484615e-02  8.3845407e-01 -2.4598539e-01 -6.2407754e-02
 1.0882227e-02 -1.9829328e+00  1.3722332e+00 -3.7450757e-02 -4.7266516e-01 -7.1395904e-01 -1.0009779e-01
 1.0882227e-02  1.1430131e+00 -1.1835933e+00  2.8252793e-02  7.8134286e-01  6.3842607e-01  1.1765514e-01
 1.0882227e-02 -2.0391903e+00 -1.5116774e+00 -1.1116374e-02  4.9371576e-01 -6.5441501e-01 -1.8543474e-02
 1.0882227e-02 -2.7638006e-01  3.5998538e-01 -1.5285522e-01 -4.0257815e-01 -7.4693972e-01  4.8256981e-01
 1.0882227e-02  6.2772560e-01  4.5236745e-01 -6.8847209e-02 -9.0416145e-01  7.2876298e-01  3.0449155e-01
 1.0882227e-02 -6.8506914e-01 -1.1674705e+00  7.5533606e-02  7.2034067e-01 -5.1358801e-01  4.1534528e-03
 1.0882227e-02 -1.6683549e-02 -4.9826732e+00  6.1651230e-02  8.7900335e-01  6.0009502e-02  1.6243225e-02
 1.0882227e-02  7.1896333e-01  2.3015064e-01  6.2214541e-03 -2.8306252e-01  1.1320204e+00  4.7198638e-02
 1.0882227e-02 -5.7290030e-01  2.6956701e-01  8.6963095e-02 -2.0865022e-01 -8.7094069e-01 -1.0356223e-01
 1.0882227e-02 -2.5791726e+00 -3.0840209e-01 -1.1755183e-03  1.0880524e-01 -8.3005142e-01 -1.1383732e-02
 1.0882227e-02  1.1082280e+00  6.5960187e-01  1.2964751e-01 -6.5731066e-01  8.9951986e-01 -2.0037910e-01
 1.0882227e-02  2.8270056e+00  1.8010768e+00 -7.2799422e-02 -5.8185542e-01  9.0726346e-01 -3.8934432e-02
 1.0882227e-02  6.1991048e-01 -6.5923077e-01  5.3912550e-02  9.9003130e-01  3.6692560e-01 -5.8595106e-02
 1.0882227e-02 -4.2598855e-01  1.2417977e-01 -4.2887278e-02 -5.7305068e-02 -7.7681321e-01  8.4713802e-02
 1.0882227e-02 -7.4931127e-01 -2.8606564e-01  6.2507033e-02  2.6721790e-01 -7.6782495e-01 -5.1734932e-02