400 0.0
 1.0882227e-02 -6.7710048e-01 -1.4677510e+00  1.5317944e-01  7.9189956e-01 -4.1166365e-01 -5.5806823e-02
 1.0882227e-02 -1.7874157e-01 -4.0534191e-02  7.0142604e-02  2.4155861e-01 -8.3120733e-01 -4.5857351e-02
 1.0882227e-02  2.2959523e+00  5.2884048e-01  1.2803029e-01 -2.4346375e-01  1.0954502e+00 -6.2440326e-03
 1.0882227e-02 -2.3511100e+00 -1.8365568e+00 -4.2621974e-02  5.1699787e-01 -6.5221548e-01 -2.3423705e-02
 1.0882227e-02  7.6536936e-01 -3.4566438e+00  1.4874940e-01  9.2650789e-01  2.0639798e-01 -1.4522589e-02
 1.0882227e-02 -2.8216546e+00 -1.7000045e+00 -1.7859679e-01  4.7498196e-01 -7.0754093e-01  5.0383322e-02
 1.0882227e-02 -2.2243094e+00  6.3018751e-01  1.5337947e-01 -1.9413209e-01 -8.2738668e-01  2.1233520e-02
 1.0882227e-02 -6.5279526e-01  2.2651713e+00 -1.5043719e-01 -8.6721903e-01 -2.8867677e-01 -1.7486244e-01
 1.0882227e-02 -8.3179194e-01 -4.5501670e-01 -1.0444129e-01  3.6500233e-01 -7.3659474e-01  9.2365354e-02
 1.0882227e-02 -2.1977222e-01 -5.8186466e-01 -9.1651529e-02  7.3375851e-01 -5.2704704e-01 -1.9776790e-01
 1.0882227e-02 -2.5953681e+00 -1.6827610e+00  1.3440974e-01  4.9508905e-01 -6.7250776e-01  8.2014844e-02
 1.0882227e-02  2.3132265e+00 -1.9226036e+00 -7.4202627e-02  6.5502387e-01  8.2357961e-01 -1.2753056e-01
 1.0882227e-02  2.4224396e+00 -1.1352136e-01 -3.3323191e-02  9.6058831e-02  1.0849326e+00 -4.0720105e-02
 1.0882227e-02 -3.4496409e-01  1.1009038e-01  1.0996880e-02 -9.2074364e-02 -8.1958175e-01  2.1269044e-02
 1.0882227e-02 -2.9112365e+00  1.5999637e+00 -1.8373637e-02 -4.0401971e-01 -7.3125315e-01 -2.5126480e-02
 1.0882227e-02 -3.5917006e+00 -2.3358376e+00  2.0213687e-01  4.4523862e-01 -6.5838826e-01 -2.8834175e-02
 1.0882227e-02 -1.9151490e+00  3.5867190e-01  2.4688423e-02 -1.1132050e-01 -8.3247805e-01 -3.2391138e-02
 1.0882227e-02  2.1733797e+00  6.5158153e-01  7.6602407e-02 -3.9877784e-01  1.0140162e+00  3.4249842e-02
 1.0882227e-02  4.6052408e-01 -2.1840742e-01 -7.2309740e-02  9.7039819e-01  1.6991754e-01  1.5814085e-01
 1.0882227e-02 -2.7972603e+00 -2.4706719e+00  2.5210744e-03  5.7487857e-01 -5.8629692e-01  1.3472321e-03
 1.0882227e-02  1.8489296e+00 -3.1133988e-01 -5.4255366e-02  2.4161243e-01  1.0779641e+00  1.1136340e-02
 1.0882227e-02  2.6778513e-01 -5.2707709e-02 -6.3907966e-02  7.1929431e-01 -4.0245312e-01  2.3876989e-01
 1.0882227e-02  2.8259161e+00 -2.6332171e+00  8.7641522e-02  6.9540143e-01  7.5656509e-01  1.6303740e-02
 1.0882227e-02  1.7383036e-01 -2.4277082e-01 -2.9105742e-02  8.5160011e-01 -3.9214128e-01 -2.0551728e-01
 1.0882227e-02  1.9883493e-01  2.0441461e+00 -7.6995581e-02 -9.9484146e-01  8.5701719e-02  1.3206322e-01
 1.0882227e-02  2.4633461e-01 -9.2617947e-01 -1.8236713e-01  9.1214550e-01 -1.6985774e-02 -1.3601376e-01
 1.0882227e-02  7.3144197e-01 -8.7373871e-01  7.3206730e-02  9.3332845e-01  4.6209693e-01 -6.8785042e-02
 1.0882227e-02  6.8425286e-01 -5.4977846e-01  1.8724306e-01  9.0929085e-01  4.3490720e-01 -1.7667671e-01
 1.0882227e-02 -1.1252429e+00  2.2860322e+00 -3.0393705e-02 -7.8416824e-01 -4.5519245e-01  5.2097361e-03
 1.0882227e-02 -1.0129628e+00  1.4790721e+00 -1.0857340e-02 -6.8800122e-01 -5.9161997e-01 -6.9108918e-02
 1.0882227e-02  1.0911727e-01  5.9093505e-01 -1.3287671e-01 -8.6746866e-01 -3.6804050e-01  9.7860970e-02
 1.0882227e-02 -5.4427677e-01 -8.0391467e-01 -1.5932557e-01  5.7520789e-01 -6.4795673e-01 -1.4559634e-01
 1.0882227e-02  1.4233906e+00 -7.6385713e-01  7.2634466e-02  6.0391593e-01  9.2283076e-01  1.9582248e-01
 1.0882227e-02  7.3387980e-01  7.1378386e-01 -6.4475454e-02 -8.6662698e-01  6.1453891e-01 -2.7484354e-01
 1.0882227e-02 -4.4388735e-01  1.4547924e+00  5.4632691e-03 -8.4927756e-01 -3.7559432e-01 -1.7904729e-01
 1.0882227e-02  3.5164986e+00  3.1636267e+00 -8.7947771e-03 -6.8863291e-01  8.0011404e-01  5.2038975e-02
 1.0882227e-02 -2.7182710e+00  2.8800547e-01 -2.2665750e-02 -6.9507532e-02 -8.5628587e-01 -1.8952671e-02
 1.0882227e-02  5.5985349e-01  1.1331253e+00 -3.1022685e-02 -1.0275970e+00  2.7015150e-01 -4.0406357e-02
 1.0882227e-02 -2.7063823e+00 -2.2889121e+00  8.2374036e-02  5.6510365e-01 -6.1842078e-01  3.3915536e-03
 1.0882227e-02 -4.4786263e-01  1.2476445e+00 -5.6209803e-02 -7.5015783e-01 -4.9702567e-01  7.5773351e-02
 1.0882227e-02  2.1570730e-01  1.4928366e+00  1.2101981e-01 -1.0054159e+00  4.3058097e-02 -1.6064264e-02
 1.0882227e-02  7.0449340e-01 -7.0114799e-02 -7.1423225e-02  5.3508180e-01  1.0286794e+00 -1.7569251e-01
 1.0882227e-02  2.5080261e+00  3.7718461e+00  3.6373466e-02 -8.2885969e-01  6.2624091e-01  3.5473764e-02
 1.0882227e-02  2.9739363e+00  9.6625930e-01  3.6414720e-02 -3.1138110e-01  1.0513172e+00 -1.6164429e-02
 1.0882227e-02 -7.4641699e-01 -1.7744806e+00 -1.1873305e-02  8.2297868e-01 -3.3813766e-01  8.7491684e-02
 1.0882227e-02 -1.6389832e+00  3.0324986e+00  7.9519957e-02 -8.1029409e-01 -4.0633643e-01  5.9278604e-02
 1.0882227e-02 -5.5333805e-01 -3.7448478e+00  1.6311735e-01  8.9775515e-01 -8.8811293e-02 -1.8713098e-02
 1.0882227e-02  9.8992944e-01 -3.6714184e-01 -3.4900241e-02  6.0214949e-01  9.1385359e-01  1.0523388e-01
 1.0882227e-02  1.0439436e+00  1.4702365e+00  2.8106062e-02 -8.8507587e-01  4.7345856e-01 -1.2757953e-01
 1.0882227e-02  6.4888191e-01  1.3227180e+00  2.0748354e-02 -9.8945677e-01  2.8389835e-01  7.3003285e-02
 1.0882227e-02 -4.8789382e-01  9.0005702e-01 -3.7416585e-02 -7.0356286e-01 -5.8500832e-01 -6.7635596e-02
 1.0882227e-02 -7.2837144e-01 -7.9825372e-01  6.5550968e-02  6.1840320e-01 -5.2737391e-01 -4.7218449e-02
 1.0882227e-02  8.1767750e-01  2.6855030e+00 -1.5859161e-01 -1.0054036e+00  2.7843022e-01  3.8393732e-02
 1.0882227e-02 -3.9732361e-01  1.2835335e+00 -5.7708278e-02 -7.9436934e-01 -3.8800943e-01 -5.4972628e-03
 1.0882227e-02  1.3735123e+00 -1.5350231e+00 -8.7758511e-02  8.1243950e-01  6.1638433e-01 -2.0059881e-01
 1.0882227e-02  1.6876299e+00  2.0260680e-01 -1.2714307e-01 -1.1067317e-01  1.0813677e+00  1.0050266e-01
 1.0882227e-02 -1.8067086e+00 -7.2646165e-01  1.0320976e-01  2.9530537e-01 -7.6445174e-01  3.7367661e-02
 1.0882227e-02  2.6867545e-01  1.6881599e+00 -6.0200997e-02 -9.5429128e-01  5.8361195e-02  1.4521602e-01
 1.0882227e-02  3.2795784e-01  1.2783540e+00 -5.7117492e-02 -9.7255760e-01  1.3205400e-01  2.6377505e-01
 1.0882227e-02  1.0493724e+00  2.5712783e+00 -4.2276636e-02 -9.4988316e-01  3.5710412e-01  1.0341596e-01
 1.0882227e-02 -2.3832273e-01  1.4612534e+00 -2.5716169e-02 -8.7450701e-01 -3.0328503e-01 -8.4742717e-02
 1.0882227e-02  1.5510390e+00  2.8693488e-01  1.6091348e-01 -1.0452615e-01  1.0858842e+00 -8.6771704e-02
 1.0882227e-02  1.6649597e+00  2.0223486e-01 -6.5009013e-02 -1.2595093e-01  1.1102908e+00  1.1291260e-01
 1.0882227e-02  8.1879991e-01 -2.1229875e+00 -8.2069062e-02  9.3376356e-01  3.3401513e-01  7.1887217e-02
 1.0882227e-02 -4.0352458e-01 -1.4641292e+00  6.2484615e-02  8.3845407e-01 -2.4598539e-01 -6.2407754e-02
 1.0882227e-02 -1.9829328e+00  1.3722332e+00 -3.7450757e-02 -4.7266516e-01 -7.1395904e-01 -1.0009779e-01
 1.0882227e-02  1.1430131e+00 -1.1835933e+00  2.8252793e-02  7.8134286e-01  6.3842607e-01  1.1765514e-01
 1.0882227e-02 -2.0391903e+00 -1.5116774e+00 -1.1116374e-02  4.9371576e-01 -6.5441501e-01 -1.8543474e-02
 1.0882227e-02 -2.7638006e-01  3.5998538e-01 -1.5285522e-01 -4.0257815e-01 -7.4693972e-01  4.8256981e-01
 1.0882227e-02  6.2772560e-01  4.5236745e-01 -6.8847209e-02 -9.0416145e-01  7.2876298e-01  3.0449155e-01
 1.0882227e-02 -6.8506914e-01 -1.1674705e+00  7.5533606e-02  7.2034067e-01 -5.1358801e-01  4.1534528e-03
 1.0882227e-02 -1.6683549e-02 -4.9826732e+00  6.1651230e-02  8.7900335e-01  6.0009502e-02  1.6243225e-02
 1.0882227e-02  7.1896333e-01  2.3015064e-01  6.2214541e-03 -2.8306252e-01  1.1320204e+00  4.7198638e-02
 1.0882227e-02 -5.7290030e-01  2.6956701e-01  8.6963095e-02 -2.0865022e-01 -8.7094069e-01 -1.0356223e-01
 1.0882227e-02 -2.5791726e+00 -3.0840209e-01 -1.1755183e-03  1.0880524e-01 -8.3005142e-01 -1.1383732e-02
 1.0882227e-02  1.1082280e+00  6.5960187e-01  1.2964751e-01 -6.5731066e-01  8.9951986e-01 -2.0037910e-01
 1.0882227e-02  2.8270056e+00  1.8010768e+00 -7.2799422e-02 -5.8185542e-01  9.0726346e-01 -3.8934432e-02
 1.0882227e-02  6.1991048e-01 -6.5923077e-01  5.3912550e-02  9.9003130e-01  3.6692560e-01 -5.8595106e-02
 1.0882227e-02 -4.2598855e-01  1.2417977e-01 -4.2887278e-02 -5.7305068e-02 -7.7681321e-01  8.4713802e-02
 1.0882227e-02 -7.4931127e-01 -2.8606564e-01  6.2507033e-02  2.6721790e-01 -7.6782495e-01 -5.1734932e-02
 1.6145873e-01 -7.2263598e-02  2.5000912e-01 -1.8908429e-01 -2.2767368e-01 -4.9609077e-01 -2.2818935e-01
 1.6145873e-01  1.9955173e-02 -2.6219584e-02  8.6152591e-03 -1.4634728e-01 -1.7309283e-01  2.1973222e-01
 1.6145873e-01  1.9356588e-01 -4.0698898e-01  3.0198395e-01  5.8949985e-02  2.2036996e-01  9.6093714e-03
 1.6145873e-01  3.7264656e-02 -2.9672757e-02  4.1314393e-02  8.3442944e-01  2.1753050e-02 -2.9422790e-01
 1.6145873e-01  6.7693301e-02  2.0060712e-01 -7.3977359e-02 -3.1504503e-01  6.8072701e-01  3.9208990e-01
 1.6145873e-01  8.8303126e-03 -2.0007080e-01 -1.2022350e-01  2.0172444e-01 -7.1929246e-02  5.1088832e-02
 1.6145873e-01 -1.5099472e-01  2.3617610e-01  2.3509145e-01 -6.9241226e-02  6.3515967e-01  6.9739324e-01
 1.6145873e-01 -2.1023898e-01 -3.2858685e-01 -1.1067898e-01 -1.5827131e-01 -4.8591930e-01 -3.2386684e-01
 1.6145873e-01 -1.3639197e-01 -2.3471616e-02  1.1921991e-01 -8.9559481e-02 -2.9375279e-01 -2.2768059e-01
 1.6145873e-01 -2.0981120e-01  3.4416959e-02  8.6735271e-02  1.4181232e-01  7.1236587e-01  9.3741514e-02
 1.6145873e-01 -1.6934036e-01  6.9483235e-02  4.3132834e-02 -2.0016205e-01 -7.8016281e-01 -4.3993124e-01
 1.6145873e-01  2.1901494e-02 -2.8401949e-02 -9.3661234e-02  1.8141446e-01  2.8800911e-01 -7.0922250e-01
 1.6145873e-01 -3.2882463e-02  1.2624806e-01 -2.6614252e-01  3.1189728e-01 -9.6529716e-01 -2.1060801e-01
 1.6145873e-01  2.6398715e-01 -1.3264644e-01 -1.5737669e-01 -9.7988337e-01  4.2792201e-01  1.0577759e+00
 1.6145873e-01  8.5867889e-02  3.7304044e-01 -5.8952503e-02 -3.2672775e-01  6.8630248e-01 -2.0165738e-01
 1.6145873e-01 -1.7152749e-02 -5.9354618e-02  2.2924486e-01  2.5853944e-01 -4.1225359e-02 -8.3316173e-03
 1.6145873e-01  3.9290088e-01 -2.1166769e-01  1.5003197e-02  6.1891401e-01 -5.6000680e-02 -4.0326256e-01
 1.6145873e-01 -5.5409182e-02  3.0691540e-01 -3.2361452e-02 -5.1446295e-01  5.0782400e-01 -2.1954092e-01
 1.6145873e-01 -5.3314935e-02 -1.1816073e-01 -2.9553074e-02  1.8781266e-01  4.9456995e-02  2.2508323e-02
 1.6145873e-01  1.5833270e-02 -3.1654492e-02  5.1670529e-02  2.3188013e-01 -8.6641902e-01  7.2257960e-01
 3.8936806e-01 -2.9029808e+00  5.2756891e+00 -3.8483348e+00  4.0863508e-01  9.8497257e-02 -1.7457613e-01
 3.8936806e-01 -3.9990032e-01 -2.2219462e+00  1.5177956e+00 -1.1693637e+00  2.6730603e-01  3.0097967e-01
 3.8936806e-01  3.2700288e-01 -7.8071868e-01  3.6085591e-01 -3.1978875e-01  5.9227145e-01 -1.3631570e+00
 3.8936806e-01  6.9928460e-02 -2.3156753e+00  2.4053435e+00 -1.1131445e+00 -5.6457704e-01  4.2814505e-01
 3.8936806e-01  1.1042559e+00  1.0179857e+00  1.1828398e+00  8.2714021e-01 -3.1704646e-02  6.5900362e-01
 3.8936806e-01  8.9584869e-01  3.9347787e+00 -7.2400397e-01  4.0213534e-01 -2.5465697e-01  2.5586912e-01
 3.8936806e-01 -7.0186085e-01 -6.9407649e+00 -1.9792563e+00  1.1605358e-01  1.9091420e-01  3.0844323e-03
 3.8936806e-01  3.5823399e-01 -3.7549533e-02  5.3488888e-02 -1.0088223e+00  5.5160481e-01 -7.9528588e-01
 3.8936806e-01  1.1113544e+00 -2.4060187e+00 -2.2138448e+00 -3.1635243e-01  1.7912494e-01  1.0310071e+00
 3.8936806e-01 -4.8841100e+00  6.6667587e-01  3.3825104e+00  6.6988647e-01  5.4086554e-01 -1.2507470e-01
 3.8936806e-01 -4.6436086e+00 -2.1473584e+00  4.5199218e+00  4.5082711e-02  8.4067166e-01 -2.8199274e-02
 3.8936806e-01  2.1605136e-01  1.3509884e+00  3.0747727e-02 -5.2111679e-01  2.4361927e-02 -1.2593563e+00
 3.8936806e-01 -5.5379214e+00  3.7570149e-01  2.4547012e+00 -1.3195986e-01  7.1592569e-01 -2.5064737e-01
 3.8936806e-01 -3.4707165e-01 -2.2811818e+00 -1.2582803e+00 -3.0204454e-01  5.0288182e-01 -8.6661881e-01
 3.8936806e-01  9.6374565e-01 -5.6893892e+00 -2.2965231e+00 -5.0825322e-01 -5.1023322e-01 -8.0536056e-01
 3.8936806e-01  3.5536602e-01  1.5850198e-01  2.5185281e-01 -7.5482935e-01 -1.0378159e+00  8.3798790e-01
 3.8936806e-01 -1.8340647e+00  1.9164613e+00 -5.9399147e+00 -1.7092502e-01  7.3134375e-01 -1.6807938e-01
 3.8936806e-01  6.2238245e+00 -5.1106753e+00 -2.9877000e+00 -4.2928794e-01 -4.2125398e-01  1.2258458e-01
 3.8936806e-01 -1.4515876e+00  5.0007164e-01  3.4814405e+00 -3.0362716e-01 -2.8406358e-01 -1.2183107e-01
 3.8936806e-01  2.8403511e+00  2.9992776e+00 -1.7007533e+00 -7.7410519e-01 -1.5003429e-01  4.9501026e-01
 3.8936806e-01 -2.3886600e+00 -4.7174916e+00  4.8179805e-01 -5.8298433e-01  4.6494433e-01  1.8762261e-01
 3.8936806e-01 -8.9975089e-01 -5.5326484e-02 -3.1168060e+00  7.5041145e-01 -2.5670618e-01  7.2923917e-01
 3.8936806e-01 -5.1178056e-01 -2.3694649e+00  2.6864383e+00  4.4955495e-01  3.2607087e-01  1.0449443e+00
 3.8936806e-01  8.3597833e-01  1.2151374e+00  6.4691448e-01  3.0877748e-01 -7.1205753e-01 -4.0817636e-01
 3.8936806e-01  6.1388069e-01 -1.0826116e-01  7.4906057e-01 -1.0849889e-03  3.9450285e-01  3.5840876e-02
 3.8936806e-01  1.5773066e+00 -2.2416863e+00  2.1142621e-01  1.6811389e-01 -2.0526691e-01 -2.0351583e-02
 3.8936806e-01  1.1455204e+00  3.4520950e+00  6.4097285e+00  6.9539785e-01 -9.5979404e-04  1.3885805e-01
 3.8936806e-01 -8.1051426e+00  2.1721826e+00 -2.2604058e+00 -1.5972772e-01 -2.6239789e-01 -6.4891970e-01
 3.8936806e-01 -5.9385061e-01 -1.7715433e+00 -9.3833286e-01  9.6590698e-01 -9.6533401e-03 -4.0453151e-01
 3.8936806e-01  3.2763293e-01 -4.3077598e+00  2.2982204e+00 -8.8807923e-01 -5.1064819e-01  1.3277709e-02
 3.8936806e-01 -5.4001780e+00 -1.1987404e+01  4.6036873e+00 -1.9258985e-01  1.3992293e-01  1.6840257e-01
 3.8936806e-01 -3.4329679e+00  1.0179262e+00  2.0805937e-01 -8.5415268e-01  2.7001002e-01 -2.5568902e-01
 3.8936806e-01  1.1553128e+00  6.1969385e+00 -9.4331093e+00 -2.2268155e-01  2.1850125e-01 -9.3094826e-02
 3.8936806e-01 -4.1307217e-01  5.8721638e-01  1.3563690e+00  2.8466305e-01  6.1492723e-01  8.8721353e-01
 3.8936806e-01  8.6491935e-02  5.7145011e-01 -5.3457707e-01  5.2825838e-01  1.1175083e+00  6.7250198e-01
 3.8936806e-01 -1.3192980e+00 -4.4176898e+00  3.9616518e+00  3.7892586e-01 -5.1047701e-01  5.3584838e-01
 3.8936806e-01 -1.4511873e+00  4.2022967e+00 -6.9636002e+00 -6.8115592e-01 -8.8407874e-02 -3.6036545e-01
 3.8936806e-01  5.4857354e+00  1.0959306e+00 -4.0040622e+00 -5.5923355e-01 -5.2007836e-01 -2.6477334e-01
 3.8936806e-01  3.5256078e+00 -5.6112476e-02  3.1608257e+00  1.5672636e-01  1.1377252e+00  4.7320968e-01
 3.8936806e-01  1.1730897e-02  2.8848648e-03  2.1240396e+00 -2.3276335e-01 -4.5790935e-01  4.7557712e-01
 3.8936806e-01 -6.5107918e-01 -1.2074931e+00 -7.0978742e+00  2.2380865e-01  6.8502527e-01 -6.3826305e-01
 3.8936806e-01  6.0274701e+00  1.0506028e+00  1.9402143e+00  2.3099267e-01 -9.2583293e-01  1.8105170e-01
 3.8936806e-01  4.4763231e+00  7.7093697e+00 -8.9370519e-01  1.7826572e-01  3.4622699e-01  5.3075641e-01
 3.8936806e-01 -4.5014238e-01 -6.7568812e+00 -9.4493860e-01 -3.4492698e-01  3.1307861e-01 -7.4694544e-01
 3.8936806e-01  3.5293763e+00 -1.5723548e+00  1.1434556e+00 -2.5970292e-01 -1.1589058e-01  4.9534374e-01
 3.8936806e-01 -1.6650250e-03 -2.5567579e+00  1.9601960e+00 -5.3479147e-01  8.0740613e-01 -4.5198312e-01
 3.8936806e-01  1.1404799e+00 -6.1969204e+00  2.5681484e+00  1.2743284e-01 -5.7713185e-02 -4.5978612e-01
 3.8936806e-01  3.1796670e+00 -2.3577113e+00  1.3199701e+00  5.7053375e-01 -1.5328570e-01 -2.3561004e-01
 3.8936806e-01 -1.9203999e+00  3.8386207e+00  3.1959854e-02 -4.4391441e-01 -6.8519992e-01 -2.4750830e-01
 3.8936806e-01  7.6400805e+00  6.1658320e+00  5.5243963e-01 -1.4916399e-01  5.6889538e-02  3.0328590e-01
 3.8936806e-01 -2.3101227e+00 -1.4344520e+01  5.1069918e+00 -1.5578562e-01  3.8327813e-02 -4.8554680e-01
 3.8936806e-01  5.3537287e-02 -4.9567050e-01  1.5396520e-01  7.0192289e-01  8.9591700e-01  2.0752094e+00
 3.8936806e-01 -1.5182253e+00  1.8835481e+00 -7.6050949e-01  1.7496964e-01 -8.9236832e-01 -6.6910714e-01
 3.8936806e-01 -1.0987310e+00  1.1339581e+00 -4.5814234e-01  5.1241434e-01 -6.2810457e-01 -9.7748756e-01
 3.8936806e-01  4.4023785e-01 -5.7921797e-01  9.4149470e-01  8.8794130e-01  8.0612177e-01  9.0935147e-01
 3.8936806e-01  2.8021057e+00 -1.6065183e+00  1.2992548e+00  1.2285271e-01  2.9240799e-01 -3.1984574e-01
 3.8936806e-01  7.8339219e-01  5.2331233e+00  4.0316008e-02 -6.3885486e-01  2.3516811e-01 -7.1830636e-01
 3.8936806e-01  1.8509389e+00 -5.3706479e+00  1.2430890e+00 -3.1012276e-01 -5.2782953e-01 -4.1975707e-02
 3.8936806e-01  1.6237208e-01  1.5145038e+00  4.5573020e-01 -1.2212575e-01  1.0197346e+00  3.4041968e-01
 3.8936806e-01  2.5506191e+00  6.7533050e+00  6.3481479e+00 -4.9859157e-01 -1.4131768e-03 -2.4669543e-01
 3.8936806e-01 -7.6779075e+00  4.6109028e+00  1.6000906e-01 -1.1843091e-01 -4.4941756e-01 -2.9486710e-01
 3.8936806e-01  1.5615386e+00 -1.3441806e+00 -2.0241098e+00  1.4853200e-01  3.3413634e-01 -1.8231619e-02
 3.8936806e-01 -3.5355172e+00  2.3784313e+00 -2.2230809e+00 -3.7269580e-01 -4.0366530e-01  5.5069929e-01
 3.8936806e-01 -2.1025155e+00 -1.2892541e+00 -3.4099774e+00  5.8777738e-01  2.6946741e-01 -6.1977798e-01
 3.8936806e-01 -6.9185543e-01 -2.9189992e-01  5.3057081e-01  1.2959731e-01 -1.3614006e-01  1.7364075e+00
 3.8936806e-01  7.4305391e-01  3.9455819e+00 -9.2177811e+00 -2.3480013e-01  4.2351741e-01  7.5479865e-02
 3.8936806e-01  5.1766233e+00  1.6161003e+00 -5.0025994e-01  2.1454519e-01 -6.3201839e-01  2.2555190e-01
 3.8936806e-01  2.9029937e+00  5.6541753e+00 -1.4185305e+01  9.6294440e-02  2.2406165e-01 -2.5122440e-01
 3.8936806e-01 -3.0102435e-01  6.5557665e-01 -1.6261619e-01 -6.8999964e-01 -2.5566906e-01  1.4866116e+00
 3.8936806e-01  5.5859917e-01 -9.3952477e-01  1.6323311e+00  2.8055176e-01 -6.8484807e-01  1.1213927e+00
 3.8936806e-01  1.9914392e+00  6.3318205e+00  3.4095676e+00 -4.0115243e-01  3.1165761e-01 -6.2763147e-02
 3.8936806e-01  4.7872915e+00 -3.7521253e+00  2.2304873e+00  5.6306772e-02 -8.8825935e-01 -5.4569185e-01
 3.8936806e-01 -1.6393411e-01  6.1798511e+00 -8.8500130e-01  1.5475646e-01  1.4440276e-01 -2.1313623e-01
 3.8936806e-01  8.9530155e-02  6.7890629e-02 -2.2755551e-01 -1.4038199e+00 -3.1345820e-01 -9.3586618e-01
 3.8936806e-01  3.7925072e+00  8.5171766e+00  2.6554484e+00  3.3480462e-01 -3.1731480e-01 -3.3110628e-01
 3.8936806e-01 -2.6988747e+00 -1.1106131e+00  1.0075920e+01  4.5485991e-01 -1.3209039e-01  2.8294453e-01
 3.8936806e-01  5.1175790e+00 -4.6870527e+00  3.0040700e+00 -3.1478795e-01 -5.0408316e-01 -7.8820413e-01
 3.8936806e-01  9.7029358e-01  3.8816772e+00 -1.3899649e+00 -1.1935722e-01  1.0724393e+00  1.4062859e-01
 3.8936806e-01  2.1523912e+00  7.1537509e+00 -3.5400889e+00  3.8159725e-01 -2.1522288e-01 -2.3435183e-01
 3.8936806e-01 -8.2462758e-01  9.4515193e-01  7.9639184e-01 -6.9750749e-02  6.1669433e-01 -9.7076245e-02
 3.8936806e-01 -2.2013795e+00  4.2813988e+00  4.8062873e+00  2.1388552e-01  2.1636005e-01 -3.0808845e-01
 3.8936806e-01 -9.0053654e+00  8.8481450e-01 -1.4534807e+00  6.6729492e-01 -1.8249623e-01  3.6657515e-01
 3.8936806e-01  2.5636289e+00 -2.4095483e+00 -7.8124768e-01  4.1403648e-01  4.9918231e-01 -4.9900109e-01
 3.8936806e-01 -8.0749357e-01 -1.4838398e+01 -1.7877479e+00 -5.2689329e-02 -1.5013835e-01  1.5553166e-01
 3.8936806e-01  2.4956219e+00 -1.3908566e+00 -2.6674774e+00  5.4597938e-01  5.9001547e-01 -3.1606365e-02
 3.8936806e-01 -2.1930873e+00  5.7599769e+00  3.0784853e+00  3.1544733e-01  1.6279782e-01 -1.5164962e-01
 3.8936806e-01 -1.8655162e-01  9.3228233e-01  1.7612015e+00 -6.2621123e-01 -4.9579585e-01  9.9576813e-01
 3.8936806e-01 -4.3279004e+00  5.5549461e-01 -1.7525083e+00  3.3508904e-02 -4.9583208e-02  6.1189216e-01
 3.8936806e-01 -5.2016835e+00 -9.5809011e+00  3.5886171e+00 -5.1842391e-01 -2.7747267e-01 -2.2462912e-01
 3.8936806e-01 -9.1832561e+00  3.3580542e+00 -5.6817474e+00 -4.3154684e-01 -8.6620606e-02 -3.5360232e-01
 3.8936806e-01  8.8567171e+00  2.4710231e+00 -2.6582332e+00  4.6386299e-01 -1.4543015e-02 -4.7986153e-01
 3.8936806e-01 -1.6712633e+00 -9.8957376e+00 -9.2601690e+00  4.0798739e-02 -1.4493947e-01 -9.7966872e-02
 3.8936806e-01 -1.9649708e+00  3.4578234e-01 -6.5918350e-01 -6.1559618e-01  8.8165206e-01 -1.7740253e-01
 3.8936806e-01 -1.8610041e+00 -1.3873954e+00 -3.2608409e+00  5.8187509e-01  3.0496857e-01  1.0822980e+00
 3.8936806e-01 -1.3264341e+00 -6.8955979e+00 -9.1299667e+00  2.7650502e-01 -3.4439111e-01  2.0084178e-01
 3.8936806e-01  3.8397449e-01  2.6133499e+00 -1.2784889e+00 -1.0040020e+00 -3.1329072e-01 -2.1698659e-02
 3.8936806e-01 -1.6086183e-01 -1.1971599e+00 -5.7334423e-01  1.2342412e-01 -8.1136429e-01 -1.6326988e-01
 3.8936806e-01  2.9961536e+00  5.2504950e+00  5.9197359e+00  4.7153696e-02 -2.5490826e-01 -6.8256289e-01
 3.8936806e-01 -1.3793103e-01  1.0555233e+00  6.7027086e-01  1.6484571e-01  5.1202047e-01 -5.0368331e-02
 3.8936806e-01  2.4301348e+00  1.3057910e+00 -4.1795096e+00  5.3886294e-01  1.6842404e-01  3.4994233e-01
 3.8936806e-01  4.6887989e+00 -1.7632698e+00  5.0538645e+00 -2.4117121e-01 -5.3136677e-01 -1.0013545e-01
 3.8936806e-01 -3.9559133e+00 -5.6116104e-01  2.3948705e-01 -1.1053805e+00  4.8255730e-02 -6.7948204e-01
 3.8936806e-01 -8.1813154e+00  3.7633405e+00  3.7102315e+00 -1.4327613e-01  7.0336229e-01 -1.4540341e-01
 3.8936806e-01 -1.9399977e+00  3.7709379e+00  3.2112596e+00 -3.8567469e-01  2.2302310e-01  2.8540516e-01
 3.8936806e-01 -1.5329781e+00  1.3923734e+00  3.3531702e-01  4.0134899e-02  5.8658624e-01 -5.3414859e-02
 3.8936806e-01  6.1073941e-01  4.7618645e-01  3.5793915e-01 -1.4653232e+00  7.5680964e-02  2.6522428e-01
 3.8936806e-01 -3.4761705e+00  6.0807532e-01 -5.9952111e+00  4.2659763e-01 -3.4334984e-01  1.7315742e-01
 3.8936806e-01  3.3210909e+00 -9.9900740e-01  2.8638868e+00 -6.0910779e-01 -1.2679504e-01 -5.0985169e-01
 3.8936806e-01 -1.7850136e+00 -7.6433182e-01 -1.0173462e-01 -1.9866578e-02 -5.0611764e-01  1.0963082e+00
 3.8936806e-01  5.7081523e+00 -6.4911265e+00  5.8750100e+00  3.5879937e-01  2.0636824e-01  1.0133806e-01
 3.8936806e-01  4.4527578e+00  3.1628852e+00  1.4824001e+00 -4.4793037e-01 -2.6421684e-01  5.5877382e-01
 3.8936806e-01  2.7911026e+00  7.2215729e+00 -2.4311519e+00 -8.0363506e-01 -6.2515683e-02  1.1412348e-01
 3.8936806e-01  2.7720165e-01  3.6843820e+00  2.2810962e+00  1.3158411e-01  9.3505633e-01 -4.7472998e-01
 3.8936806e-01 -6.7027396e-01 -4.6848691e-01  1.6118039e+00  4.5112458e-01 -4.6115961e-02 -4.3188623e-01
 3.8936806e-01 -4.0361528e+00 -4.5352497e+00  2.0662601e+00  5.1004148e-01 -3.6934400e-01 -3.9443329e-01
 3.8936806e-01 -4.2482691e+00 -5.2663207e-01 -4.6779628e+00  8.4173280e-01  2.2331296e-01 -5.8358240e-01
 3.8936806e-01  5.8791280e-01 -2.1427989e+00 -5.2995925e+00 -2.1714941e-01  6.9953837e-02 -5.1624602e-01
 3.8936806e-01  7.0369273e-01 -9.5513892e-01 -8.7038097e+00 -3.5489455e-01  4.9896652e-01  3.2976630e-01
 3.8936806e-01  1.5538552e+00  6.1166239e-01 -1.5646216e+00  5.2198952e-01 -1.3984036e+00  1.4910586e-02
 3.8936806e-01  1.2092485e+00  1.2515694e+00  1.6707933e+00 -1.7448089e-01  5.7965744e-01  1.4887664e-01
 3.8936806e-01  1.5757486e+00 -1.4074199e-02 -1.1854274e+00 -3.6219783e-02  8.5464820e-02 -4.4485591e-02
 3.8936806e-01 -4.3610510e-01 -4.7683496e+00 -4.1786420e-01  3.4487441e-02  3.5532606e-01 -4.2265326e-01
 3.8936806e-01 -6.7670417e-01  1.4374003e+00  9.0790570e-02  5.7569599e-01  1.4476035e+00  9.7711772e-01
 3.8936806e-01  2.5700877e+00  4.0527844e+00 -1.7167100e+00 -5.4075086e-01 -5.6292963e-01 -7.7660698e-01
 3.8936806e-01 -6.0794816e+00 -7.4830861e+00 -3.9081338e-01 -6.1891305e-01  1.8960886e-01 -2.8150953e-02
 3.8936806e-01  4.2429919e+00  2.0593066e+00 -3.0471528e+00 -8.4790635e-01  9.5612578e-02 -5.5681539e-01
 3.8936806e-01  1.6030611e+00  4.7369323e+00  1.9079865e+00  5.1714683e-01  2.4564882e-01 -6.2450689e-01
 3.8936806e-01 -2.0196981e+00 -2.1484656e+00  2.3330355e+00  4.9918272e-02 -8.6314850e-02  5.0888300e-01
 3.8936806e-01  1.1739643e+00 -4.4586268e-01  1.1387643e+00  3.6311492e-01 -7.4283165e-01  3.0758604e-01
 3.8936806e-01  4.2515111e+00 -1.9539385e+00  2.6909909e+00 -9.2477910e-02 -8.8317074e-02 -4.3074307e-01
 3.8936806e-01 -2.1961539e+00  3.7833631e-01 -1.6074688e+00  1.7127949e-01 -2.9875576e-01 -8.9706326e-01
 3.8936806e-01 -2.6159463e+00 -2.1842666e+00 -5.6135893e-01 -4.6502940e-02  1.8106155e-01  1.3262532e+00
 3.8936806e-01 -2.4237290e-01  5.2458709e-01  1.1675329e+00 -1.4229915e+00 -9.2946166e-01  1.1883549e-02
 3.8936806e-01  3.1553249e+00 -1.5149125e+00 -1.6871048e+00 -4.5419708e-03  5.4446261e-02 -2.2125152e-01
 3.8936806e-01  6.0933361e+00  1.5239352e-01 -2.1668527e+00  4.9328777e-01  1.0390010e-01  9.3776107e-02
 3.8936806e-01  5.8143463e+00 -7.1281948e+00  2.9846392e+00 -5.5922997e-01 -3.4186602e-01  2.2776183e-01
 3.8936806e-01 -3.3221974e+00 -1.1819910e+00  1.1309031e+01  1.9143221e-01 -3.9083555e-01  2.3352724e-01
 3.8936806e-01 -3.3709335e+00 -9.0060444e+00  8.0446568e+00  9.0129718e-02  4.0284517e-01  3.2276109e-01
 3.8936806e-01  6.3823895e+00  5.7836747e+00  7.5281248e+00  2.7613699e-01  1.1901007e-01  1.8864016e-01
 3.8936806e-01  5.3727593e+00 -2.4237146e+00  1.0450462e+00  9.2155182e-01  2.1271639e-01 -1.8034862e-01
 3.8936806e-01 -2.9740617e+00  1.5192965e-01  2.1317704e+00 -1.8005127e-01 -5.7629085e-01  3.5180247e-01
 3.8936806e-01 -1.4169933e+00  2.1474323e+00  6.5972552e+00  2.8126322e-02 -3.0962750e-01  3.0910683e-01
 3.8936806e-01 -8.5616760e+00  1.8352641e+00  6.9117117e-01  6.0786761e-02  4.5934936e-01 -6.7204988e-01
 3.8936806e-01  1.5106191e-01 -1.0378180e+00 -4.7291823e-02  5.4030091e-01  5.1385701e-01  3.7166119e-01
 3.8936806e-01 -1.1014862e+01  5.3135735e-01  5.1325941e-01  2.0876056e-01 -8.4242180e-02  2.7975082e-01
 3.8936806e-01  3.0055950e+00  5.6506574e-01 -1.3093817e+00 -7.5088680e-01  7.8770804e-01  1.1812262e-01
 3.8936806e-01 -6.5142460e+00 -2.1518464e+00  3.6410427e+00 -6.5270312e-02  2.7879739e-01  4.4730330e-01
 3.8936806e-01 -4.2780733e-01  1.6239079e+00  7.0228887e-01 -4.7746047e-02  2.9727939e-01  3.6979467e-01
 3.8936806e-01  1.8417269e-02 -2.8732818e-01  1.8471074e+00 -3.8635373e-01  5.3278882e-02 -8.9858919e-03
 3.8936806e-01  1.7248716e+00  9.8319502e+00 -4.9507685e+00  2.7167307e-02  1.1228317e-01 -2.3566653e-01
 3.8936806e-01 -1.4495871e+00 -9.9189806e+00  2.7526057e+00 -2.9000238e-01  1.6547804e-01  5.1356614e-01
 3.8936806e-01  9.1605157e-01  4.5195365e-01  1.2806066e+00  5.9360105e-01  5.4205412e-01 -1.2564182e-01
 3.8936806e-01 -3.0207446e-01  4.0710545e-01  2.2904223e-01  4.5706934e-01 -1.8210552e+00 -8.3397210e-01
 3.8936806e-01 -3.6760690e+00  4.3486104e+00  9.7961557e-01  1.1635520e-01  2.6021495e-02  4.9420074e-04
 3.8936806e-01  4.7151992e-01  2.3697982e+00 -1.5280418e-02  3.1675243e-01  1.5667509e-01  7.8048360e-01
 3.8936806e-01 -1.3569717e+00  3.7422514e-01  1.1096550e+00 -5.5433415e-02 -2.1596895e-01  1.0415089e+00
 3.8936806e-01  9.2315930e-01  4.6490633e-01 -5.7365763e-01 -1.0159311e+00 -8.9959867e-02 -1.9705991e-01
 3.8936806e-01 -6.4407855e-01  1.0795932e+00  1.6041470e+00  1.5533930e-01 -8.0829608e-01  1.1715779e+00
 3.8936806e-01 -8.8215122e+00  4.3354845e+00  6.7712253e-01 -4.7263470e-01 -2.5238562e-01  6.2563054e-02
 3.8936806e-01 -2.6186304e+00 -1.6726389e+00 -1.9732891e+00 -8.9930117e-01  2.8056610e-01  2.3999500e-01
 3.8936806e-01  4.3648014e+00  4.3864765e+00 -2.2826376e+00  3.7696555e-02 -4.0635355e-02  1.7473786e-01
 3.8936806e-01 -1.3775415e+00 -1.6449130e+00  4.2460361e+00  2.0703338e-02 -4.4778484e-01  1.3458113e-01
 3.8936806e-01  5.3842831e+00  7.8645415e+00  7.7987080e+00 -2.3169768e-01 -6.6781327e-02  7.2507299e-02
 3.8936806e-01  2.3730598e-01  7.1323438e+00 -2.5582778e-01 -3.8619658e-01  6.3213450e-01  5.7830825e-02
 3.8936806e-01 -1.0920051e+00 -1.1559785e-01 -3.1721690e+00  3.1862137e-01 -7.9755060e-02 -3.3424497e-01
 3.8936806e-01 -6.0416162e-01  3.3706794e+00  1.6378114e+00 -1.0337751e+00  3.7701410e-01  9.4306573e-02
 3.8936806e-01 -2.7377039e-01 -3.5721760e+00 -3.0773554e+00 -6.8312770e-01  3.6494899e-01  7.9780412e-01
 3.8936806e-01  6.8976030e+00 -1.4096149e+00  7.3537481e-01 -1.6328517e-01 -2.2466628e-01  2.1863721e-02
 3.8936806e-01  1.5787487e+00 -2.0522609e+00 -2.7468401e-01  2.6992595e-01  4.0516964e-01 -8.0270040e-01
 3.8936806e-01  4.0680599e+00 -6.0494661e+00 -1.6144842e-01  3.8052168e-01 -9.0595955e-01 -2.2809660e-01
 3.8936806e-01 -1.8304195e+00 -5.8024840e+00  7.5785942e+00 -3.3864030e-01 -4.7805631e-01 -2.9733506e-01
 3.8936806e-01  1.9110208e+00  2.2828178e+00  9.6570885e-01  6.2323183e-01 -3.5395810e-01  3.5210648e-01
 3.8936806e-01 -4.3106813e+00  2.8712420e+00  2.3925841e-01  6.2328547e-01 -1.5504558e-01  2.3802903e-01
 3.8936806e-01  1.3748561e-01  3.9891362e+00 -4.0901680e+00  4.2439112e-01 -4.5770544e-01  2.9922348e-01
 3.8936806e-01  7.9572278e-01 -2.9201226e+00  5.1686949e-01  1.4460598e+00 -4.3078059e-01 -3.6408994e-01
 3.8936806e-01 -4.6241207e+00  8.6588824e-01  1.5288731e+00 -8.9594871e-03  3.6803198e-01 -3.9623362e-01
 3.8936806e-01  1.0288908e+00  5.9510384e+00  1.1517533e+00  3.7596154e-01  2.5529590e-01 -1.5096116e-01
 3.8936806e-01  9.7917956e-01 -7.4227366e+00 -2.1274061e+00  3.3262497e-01  3.4645781e-01 -5.4222941e-02
 3.8936806e-01  1.8867300e+00  2.2770257e+00 -5.7950097e-01 -6.8880975e-01  3.0563599e-01  3.3813229e-01
 3.8936806e-01 -3.7657065e+00  2.5121263e-01  5.5267763e+00  4.0998995e-01 -1.6888569e-01  2.6678607e-01
 3.8936806e-01 -4.3522372e+00 -4.7754297e-01 -3.5540311e+00  1.0552179e+00 -3.2266474e-01  3.8716742e-01
 3.8936806e-01 -4.7230014e-01 -2.1659002e-01  1.7633283e+00  4.2774794e-01  6.0210365e-01 -7.5419044e-01
 3.8936806e-01  9.9432969e-01  3.5112715e+00  1.3226774e+00 -3.9621028e-01  6.9274884e-01  2.6299007e-02
 3.8936806e-01  3.1146914e-01 -7.7776909e-01  1.9853648e+00  1.4331695e-01  1.0709770e+00  5.0942588e-01
 3.8936806e-01 -5.6615299e-01  1.5649719e+00 -3.5026041e-01 -1.1018936e-01 -1.1678139e+00  3.0426672e-01
 3.8936806e-01  1.5782992e+00  2.7537847e+00  1.5344089e+00  6.2367934e-01  1.8912840e-01 -1.9970679e-01
 3.8936806e-01 -1.0302824e+00 -1.5988395e-01 -1.2766389e+00 -3.9911035e-01  3.3959246e-01 -3.4910622e-01
 3.8936806e-01 -1.9824916e+00 -2.1759648e+00 -1.7286036e+00  5.9860206e-01  4.1122356e-01  7.2432667e-01
 3.8936806e-01  3.0058556e+00 -2.4344027e-02 -2.3835216e+00  4.9533775e-01 -1.3964304e-01  2.4437004e-01
 3.8936806e-01  3.4945693e+00  1.9223183e-02  6.1635499e+00  5.5755511e-02 -7.3956776e-01 -1.6090672e-01
 3.8936806e-01 -3.0637007e+00  4.9087963e+00 -2.7616027e-01 -3.4542969e-01 -2.1806988e-01  8.8664752e-01
 3.8936806e-01 -5.7809720e+00 -4.1057301e+00  2.6521192e+00  3.7337523e-02  1.4520817e-01 -3.5984356e-02
 3.8936806e-01  1.2474910e+00  2.2592201e+00 -5.9535301e-01 -6.1872460e-02  1.6451235e-01  9.0531373e-01
 3.8936806e-01 -5.3141537e+00  1.4744452e+01  4.6920571e+00  1.3234562e-01 -1.6766174e-01 -2.3851186e-01
 3.8936806e-01  9.5303947e-01  2.9202375e-01 -7.5591898e-01 -2.7031533e-02 -3.7975103e-01 -1.3936088e+00
 3.8936806e-01  2.1928427e+00 -8.0412722e+00 -7.8483572e+00  6.9575280e-02 -2.6435569e-01 -2.7482271e-01
 3.8936806e-01  1.0297660e+00  2.1009550e+00 -1.4205582e+00  4.6072719e-01  2.7899170e-01  1.7678171e-01
 3.8936806e-01  2.9239247e+00 -2.3520441e+00  5.8940262e-01 -3.9758888e-01 -5.2810448e-01  1.7571460e-01
 3.8936806e-01  6.0155427e-01 -6.1071002e-01 -8.3902609e-01 -2.6304185e-02 -1.2333105e-01 -1.1250007e+00
 3.8936806e-01 -4.4533008e-01 -3.0269766e+00 -1.8223857e+00 -3.5590437e-01  1.0686734e+00 -5.5605328e-01
 3.8936806e-01 -5.3922472e+00 -8.2841473e+00 -1.4105015e+01 -9.6710838e-02 -3.1442963e-02 -2.3262054e-03
 3.8936806e-01 -1.0364798e-01 -6.7674212e-02 -3.6866794e+00 -2.7330142e-01  5.2750319e-01  8.3959371e-01
 3.8936806e-01 -1.3739903e+00  5.5576980e-01  2.2631691e-01  2.6817046e-02 -1.4863566e+00 -5.6570458e-01
 3.8936806e-01  1.1463580e+00  1.3384246e+00 -2.4543282e-01  1.4299142e+00 -8.0081654e-01  1.2001619e-02
 3.8936806e-01  2.7652070e-02  4.8531489e+00 -7.2915876e-01  1.4802167e-01 -7.7893543e-01 -2.9862630e-01
 3.8936806e-01  3.7893698e+00  1.3963177e+00 -2.3290291e+00 -3.0920306e-01 -5.2850115e-01  2.7554473e-01
 3.8936806e-01  3.6726519e-02  1.4587857e+00  5.9022398e+00  5.0069209e-02 -1.7913391e-01  1.8239222e-01
 3.8936806e-01 -1.7004437e+00 -1.7369970e+00 -1.3694471e+01 -2.0170566e-01  1.6629177e-01 -2.2377107e-01
 3.8936806e-01 -6.2645066e-01 -3.7513644e-01 -8.6937451e-01 -7.2427416e-01 -1.1758076e+00 -4.1626409e-01
 3.8936806e-01  1.3546286e+00 -8.4837227e+00 -7.6483464e+00 -1.4934275e-01 -2.9822984e-01  3.3448711e-03
 3.8936806e-01 -1.0264323e+00 -1.8220032e+00  1.2767131e+00 -5.7380271e-01  8.5082763e-01 -4.0929395e-01
 3.8936806e-01  3.2908884e-01 -3.3535633e+00 -6.0953265e-01  5.4041535e-01  3.7091610e-01  7.4921831e-02
 3.8936806e-01  3.1696942e+00 -4.4362640e+00  3.5747802e+00 -1.3079041e-01  1.9636210e-02  2.0217359e-01
 3.8936806e-01 -1.3157866e+01 -4.1705356e+00 -7.3271012e+00 -1.6310561e-01  5.8324609e-02  1.9186608e-02
 3.8936806e-01  6.5611968e+00 -2.3127913e+00 -1.6530031e+00 -5.2402675e-01  7.9856711e-03  1.2659271e-01
 3.8936806e-01 -1.6665370e+00  2.8742829e-01 -2.0672886e+00  8.5296857e-01  9.8159857e-02 -8.5563582e-01
 3.8936806e-01  5.9061642e+00  3.6439538e+00 -5.3323927e+00  5.7835340e-01 -2.7604708e-01 -2.5576925e-01
 3.8936806e-01 -5.0845492e-01  3.0306402e-01 -3.9253690e+00  3.4203839e-01  6.3549656e-01 -6.5978110e-01
 3.8936806e-01  3.6904445e-01  2.3071718e+00 -8.0582386e-01  9.1502309e-02  4.5394343e-01  9.8622996e-01
 3.8936806e-01 -3.6519152e-01  5.4787654e-01  1.0026380e+00 -6.4812875e-01 -9.4206160e-01 -3.3085618e-02
 3.8936806e-01  6.3838062e+00  1.7930819e+00 -3.5156462e+00  5.2652085e-01 -1.6915487e-01 -2.3972292e-01
 3.8936806e-01  2.7183013e+00 -2.1731629e+00  9.9086094e+00  3.8512626e-01 -2.8387454e-01 -4.6372488e-01
 3.8936806e-01  1.8524270e+00 -4.7588810e-02  2.9900079e+00  1.0354820e+00  1.7240021e-01  3.4393314e-01
 3.8936806e-01 -5.2475839e+00 -2.9921675e+00  9.7666378e+00  7.0945464e-02 -2.7553543e-01  5.1620591e-01
 3.8936806e-01  9.7432595e-01  2.3519387e+00  7.5778639e-01  3.1107417e-01  1.0616018e+00  3.7746719e-01
 3.8936806e-01  6.2098318e-01  9.0981903e+00 -3.4619606e+00  6.7317765e-03 -2.3175639e-01  5.2550304e-01
 3.8936806e-01  1.1928287e+00  2.2156773e+00  7.3976058e-01  3.0413130e-01  2.4246410e-01  1.3785964e-01
 3.8936806e-01  7.3889098e+00  5.1114988e+00  5.5851555e+00  1.0405475e-01  9.6424371e-02 -1.5471533e-01
 3.8936806e-01 -4.2881346e+00  1.2982863e-01  1.8069048e+00  7.3719412e-01  3.9709702e-01  6.6497993e-01
 3.8936806e-01  2.5368564e+00  8.0923122e-01  9.8702234e-01  5.0148255e-01  4.1458112e-01 -2.3643675e-01
 3.8936806e-01  2.0538340e+00  2.5431900e+00 -1.8689697e+00 -6.3943827e-01  6.4358878e-01 -1.4486504e-01
 3.8936806e-01 -2.8138957e+00  8.6050516e-01 -4.1340628e+00  2.8371912e-01  5.7732105e-01 -3.5820514e-01
 3.8936806e-01 -1.8731616e+00  8.1739575e-02  4.2291145e+00 -4.9140364e-02  8.3390492e-01 -4.6941182e-01
 3.8936806e-01 -9.7865648e+00 -5.9176660e+00 -3.3519118e+00 -3.0252650e-01  3.4679782e-01 -2.0535153e-01
 3.8936806e-01  2.3570933e+00  2.2204852e+00  7.3776512e+00  4.5283845e-01  8.9740597e-02 -9.6686564e-02
 3.8936806e-01  9.0878582e-01 -1.0223548e-01 -1.2018069e+00 -4.3466911e-03  5.6990004e-01  1.9369893e-01
 3.8936806e-01  8.1232540e-02 -1.9800318e+00  7.0927715e-01 -9.4338000e-01  5.5336964e-01  1.5775073e-01
 3.8936806e-01 -2.0229039e-01  6.4245862e-01  3.3519876e+00  2.3332372e-01  2.6955870e-01 -7.2625804e-01
 3.8936806e-01  1.3765693e+00 -1.4896156e+00  3.5710558e-01 -3.2328919e-01  3.9142270e-02 -5.0751895e-01
 3.8936806e-01 -3.5273592e+00 -4.9708152e+00  3.0943627e+00  2.9303543e-02 -1.0038791e+00  2.3203033e-01
 3.8936806e-01  5.7207084e-01 -1.6348384e-01 -2.9422335e-02 -2.3467973e-01 -1.1715280e+00  1.2746713e+00
 3.8936806e-01  1.2993315e+00  1.2664814e+00  1.0235183e+00 -1.0149460e+00 -3.5213369e-01  6.0771888e-01
 3.8936806e-01  5.3004526e-02  1.1910716e+00  1.0453699e+00  5.3959185e-01 -1.7303702e-01  1.5887591e-01
 3.8936806e-01  1.7303430e+00  5.7081443e-01 -4.6913964e-01 -1.3895805e+00  6.4626855e-01 -3.4937629e-01
 3.8936806e-01 -6.4494145e-01 -1.0477870e+00 -1.5516003e+00  2.5066468e-01  2.8805098e-01  3.6324435e-01
 3.8936806e-01 -2.3288684e+00  2.2374082e+00 -1.5208317e+00  6.0826695e-01 -2.8909376e-01  4.8897815e-01
 3.8936806e-01  8.6247343e-01 -1.8338796e-01 -2.4276322e-01  4.6760494e-01 -1.0331211e+00 -9.7622529e-02
 3.8936806e-01  1.3407240e+00  1.5061730e+00 -1.9337789e+00 -1.0482783e-01 -3.6470246e-01 -3.0792531e-01
 3.8936806e-01 -6.3896412e-01  2.7408848e+00 -3.4790854e+00  3.8988245e-01 -2.8238109e-01 -2.1969645e-01
 3.8936806e-01  7.3915191e+00 -8.1726618e+00  6.3515768e+00  3.6258292e-01  1.1626397e-02  1.8217747e-01
 3.8936806e-01 -7.6773944e+00 -7.1616936e+00  5.7230482e+00  1.3827586e-01  1.2849712e-02 -2.1841061e-01
 3.8936806e-01  1.0865248e+00 -3.1389934e-01  2.4328456e+00 -7.0972246e-01 -1.4226098e-01 -2.5698119e-01
 3.8936806e-01  8.9920044e+00 -6.6278133e+00 -1.4033848e+00 -8.1995383e-02 -1.5047012e-01  2.4022338e-01
 3.8936806e-01  1.9500436e+00  3.4211640e+00 -5.9393153e+00 -1.5215847e-01  4.5873773e-01 -3.3131731e-01
 3.8936806e-01 -3.9586270e+00 -8.4931010e-01 -4.2883668e+00  3.7606972e-01  4.7406841e-02 -5.8750719e-01
 3.8936806e-01 -4.9453750e+00  2.3177691e+00  2.1267214e+00  6.4311790e-01 -2.3983662e-01 -5.8452368e-01
 3.8936806e-01  3.0554082e+00 -8.2702512e-01 -1.9932157e+00 -3.8095728e-01 -1.3647932e-02  3.5421726e-01
 3.8936806e-01  1.3815269e+00  1.2165609e-01  1.2864279e+00  4.3893757e-01 -7.0754284e-01  4.1195855e-01
 3.8936806e-01 -1.4373801e+00  2.5588088e+00 -3.9117610e+00 -5.0727166e-02 -9.9426530e-02  9.2736787e-01
 3.8936806e-01  1.3267497e+00 -2.4064193e+00 -1.5105789e+00  4.4385776e-01 -3.4405592e-01  9.1757214e-01
 3.8936806e-01  2.6748466e+00  1.9582280e+00 -4.7637901e+00  2.9961795e-01 -2.9876199e-01 -2.4887136e-01
 3.8936806e-01  7.9334795e-01  1.0392498e+01  4.0671116e-01  2.8331512e-01 -1.9562754e-01 -2.0934245e-01
 3.8936806e-01  4.7962699e+00 -8.6361665e-01 -4.4874020e+00 -1.0990547e-01 -2.1426026e-02  3.5462755e-01
 3.8936806e-01  5.9585695e+00  2.0375199e+00 -1.3966188e+00  4.3147856e-01  4.5979553e-01 -3.6021581e-01
 3.8936806e-01  2.6147917e-01  1.8736683e+00 -9.8819274e-01 -1.0305064e+00 -9.3743362e-02 -5.2174020e-01
 3.8936806e-01  4.5646172e+00  2.2514267e+00  1.0810019e+01  4.0786207e-02  2.7665383e-01  1.6465324e-01
 3.8936806e-01  5.0615814e-02 -2.8938022e+00 -3.0269939e-01 -2.1182382e-01 -9.0190428e-01 -5.4909599e-01
 3.8936806e-01  2.4189746e+00 -1.5543572e+00  1.2729253e+00 -1.2974852e-01 -4.4148338e-01 -6.3152558e-01
 3.8936806e-01 -7.4432939e-01 -2.9372187e+00 -5.1710114e+00 -2.1567878e-01  6.3604504e-01 -2.2400795e-01
 3.8936806e-01  2.7758076e+00  4.9369216e+00  6.0372800e-03  6.4739037e-01  8.2349377e-03  4.1790240e-02
 3.8936806e-01 -3.1529484e+00 -9.5650959e-01 -6.2323022e+00 -2.4048498e-01 -6.5315866e-01  1.6416205e-01
 3.8936806e-01  8.1403929e-01  2.0465894e+00 -1.0014113e+00  6.9364738e-01  6.5153754e-01  1.2122498e-01
 3.8936806e-01  6.1833185e-01 -6.9193304e-01  7.0071073e+00 -4.8579362e-01 -3.4312993e-01  2.0951343e-01
 3.8936806e-01 -3.3139586e-01 -2.1933690e-01 -9.6848744e-01 -5.5808699e-01  1.9497989e-01 -1.5460211e-01
 3.8936806e-01 -4.9284067e+00 -2.2398466e-01  6.4345541e+00 -1.2424406e-01  1.3556482e-01  6.7367446e-01
 3.8936806e-01  3.4064341e-01  3.5523152e+00  5.9715099e+00 -4.4518352e-01  7.2890538e-01  2.2846341e-02
 3.8936806e-01 -3.5246942e+00  1.6500070e+00  2.2372301e+00  1.6187260e-01 -3.1020883e-01 -7.3922443e-01
 3.8936806e-01 -5.9250349e-01  1.8131611e+00 -1.5599126e+00  7.4680364e-01 -3.0646560e-01 -3.4103653e-01
 3.8936806e-01  9.3016857e-01 -1.7392794e+00  1.5104114e+00  4.7683370e-01 -7.7269696e-02  7.9260126e-02
 3.8936806e-01  6.5271562e-01 -1.5591474e+00 -1.4472991e-02 -1.7668486e-01 -1.9487258e-02 -5.7178581e-01
 3.8936806e-01  2.9066694e+00  7.4340940e-01  3.3304423e-01  8.4636772e-01  7.1427351e-01 -1.8268022e-01
 3.8936806e-01  2.0469906e+00 -4.7284579e+00 -1.4786917e+01  5.3713232e-02  1.8076038e-01  2.6857722e-01
 3.8936806e-01 -1.5058401e+00 -7.7494621e-01 -2.8007007e-01  1.5910804e-01 -4.6893907e-01 -1.2202213e+00
 3.8936806e-01 -1.5565789e+00 -1.5132284e-01  3.8087287e+00  7.2102129e-02  7.9585779e-03 -5.6054324e-01
 3.8936806e-01 -6.8746573e-01 -2.5913725e+00 -1.4111536e+00 -4.4016758e-01  6.4112473e-01  2.1472102e-01
 3.8936806e-01 -3.3529806e+00  3.3094482e+00 -1.8816206e+00 -9.0840138e-02 -7.5714022e-01 -1.4626738e-01
 3.8936806e-01  3.4624209e+00 -1.1554712e+01 -5.7214627e+00  5.1715320e-01  1.3006453e-02 -6.7551881e-02
 3.8936806e-01 -4.6798267e+00 -4.6808004e+00  2.0796010e+00 -3.7457958e-02  2.0971622e-01  5.6638487e-02
 3.8936806e-01  3.4571293e-01  1.9872800e-01 -6.9571228e+00  1.0031804e-01 -3.1774732e-01  5.6304055e-01
 3.8936806e-01  5.4501510e+00  5.9816384e+00  2.2587168e+00  2.3834625e-01 -1.4900109e-01  7.9101717e-01
 3.8936806e-01 -1.8174495e+00 -1.4145128e+00 -2.7459583e-01  4.2510960e-01 -1.8796079e-01 -1.2304819e+00
 3.8936806e-01  3.3120971e+00 -2.1523714e+00  5.3504381e+00  1.8087542e-01  1.6765763e-01 -1.5453096e-01
 3.8936806e-01 -8.2145023e-01  2.1535909e-01 -6.1802540e+00 -8.9433253e-01  1.1583735e-02 -2.7888918e-01
 3.8936806e-01  1.3978219e+00 -7.2761619e-01  2.2072525e+00  9.4913244e-01 -8.3612579e-01 -8.0444121e-01
 3.8936806e-01 -2.3919659e+00  1.4282360e+00  1.0796740e+00  1.5363196e-01 -1.1373595e-01 -7.3817647e-01
 3.8936806e-01  8.0967039e-01 -2.3673315e+00 -6.4200878e-01  4.7640643e-01 -3.7337923e-01 -2.0340352e-01
 3.8936806e-01 -2.3002317e+00  7.4083573e-01  1.2907054e+00 -5.9016639e-01  1.2389240e+00  2.9698995e-01
 3.8936806e-01 -1.3615671e+00  5.1324172e+00  3.7578158e+00  6.4996296e-01 -3.1144661e-01 -3.7518352e-01
 3.8936806e-01  1.6316847e+00  3.8069839e+00  3.3348811e-01 -7.9182720e-01  6.4162070e-01  4.5928651e-01
 3.8936806e-01 -5.6962976e+00  4.7748399e-01  2.5867531e-01  4.1659079e-02 -4.1738164e-01  4.1177329e-01
